Feature Name: Block
Value Num: 4896
7064A,4
3553,114
1576,28
6451,10
3624,100
2320,21
0043,3
4021,8
0011,158
2701A,19
2390,26
0019,8
1600,20
5808,17
1361,65
2873,12
6156,14
2393,24
0153,77
7036,6
6468A,13
2012,21
0098C,30
0571,35
2528,23
0242,83
4334,13
7207,14
1289,54
6435,12
5467,6
2399,27
0569,52
0606,59
6119,15
5538,9
1256,107
7238,10
2802,77
1158,106
3008,26
7073,6
6736,4
5518,40
3515,39
3203,17
0537,63
1273,43
2054,23
5258,18
1048,57
2901B,19
4347A,2
4830,22
4162,53
6444,5
4996,15
1662,39
6249,23
2150,18
6975,13
5428F,4
6345,18
3144C,7
2959,25
5360,12
6926,8
0723C,19
0977,45
1887,21
2885,35
6327,6
1845,53
3279,12
5805,2
0666,88
3636,126
0240,227
4912,48
5948,21
7560,9
3033,13
1260,106
2436,21
1389,34
5529,62
4761,18
8722,14
5099,3
3260,17
3913,11
0252C,24
6654,80
3103,13
3953,9
7154,4
7239A,14
3912,1
6775,1
3612,200
1709,34
2635,61
3607,182
0633,90
7283,10
5302,7
2948A,17
1281,26
6083,15
6349,9
7512,27
3106,11
0862,83
3806,2
6907,15
2612,102
1719,14
5637,17
5690,23
2807,41
3586,4
3109,16
1365,68
4269,14
6582,47
3755,162
3570,122
3000B,13
4358,7
5661,34
1208,47
7548,32
5457,97
1349,9
2027,26
7264,8
6476,11
6008,15
1611,22
2169,12
5281,40
0127,112
2449,29
5715,28
0921,83
8702,122
5296,31
0079,20
2140,23
1605,22
6049,15
3040,12
0603,54
7112,16
2433,15
1184,63
5886,23
0672,88
2618A,40
1677,37
4281A,33
5525,60
0137,1
0912,33
0128,48
3996,14
1870,36
2901E,23
1461,3
0955,83
2994,24
1613,26
2016,27
3011A,15
0826,94
4168,9
0587C,10
5952,17
2423,19
5890,19
7245,8
5670,33
1333,53
7044A,19
0815,2
0986,69
1492,5
7161,15
2800,3
1888,19
2945A,20
5314,2
2923,16
2152,16
2791,7
5814,10
6528,59
5910,16
1483,25
1762,37
0580C,11
2198,21
2465A,6
0331,63
1415,37
5428C,5
0041,62
6239,6
3705Z,98
486A,3
2023,30
0540C,10
0814A,1
0018,20
3734,38
2610,48
3595,94
5726,23
5898,8
4624,126
1007,93
1891,22
7225,13
0550,67
5835,18
1143,32
1628,47
6691,37
3986,13
2193,22
2503A,30
2106,18
4970,9
1684,28
0519,44
3735,750
3212,57
6338,16
0682,30
1337,19
0600,39
3761,12
6254,3
0627A,30
1545,55
0417A,27
1544,35
6468,13
1049,72
6923,18
5403,13
2136,20
6490,13
5463,15
0092,71
7130,9
6005,11
0728,54
2987A,29
1301,37
0625,6
1190,46
1069,99
0439A,77
0274,94
5505,24
2508,23
2063,26
0511,61
1621,38
6006,12
4272,48
7044C,8
1384,42
5236,4
5332,9
1708,36
1574,3
2818,14
2657,39
1813,17
1064,56
5634,25
0770,6
4006,6
0693,99
0501C,1
1094,101
0580,97
0554,74
4918,1
1129,40
6661,2
3803,243
4713,20
0146,167
2715,33
2031,23
5328,8
2089,26
6449,9
2697,60
1138,19
7527,29
5381,18
2104,20
1112,30
7521,11
2374,26
3966,14
3749,338
0523,100
7118,18
6637,58
2131A,22
1853,53
2153,23
5659,17
5701,18
3766,22
1002,61
6004,13
3746,80
1624,47
1362,47
1302,18
2925,13
3053,24
6283,10
0114,98
0297,88
5712,31
2398,23
2019,22
5826,18
7101A,2
7057,16
7022,14
1667,28
5625,9
8719,14
1788,24
4081,55
0224,50
5803,21
1001,65
1098,42
0042,14
3980,57
0547,74
5235,18
4167,15
0837,75
0713,38
1770,34
1253,103
6694,29
6735,28
5054A,14
7298,1
1374,57
0151,142
4158,70
8723,1
0465A,46
2155,9
5465,4
6740,13
1366,29
0147,64
6332,4
1757,4
3593,36
3108,15
6035,1
2694,3
0819,101
0649,82
2792,16
7159,16
5675,13
2122A,19
6511,80
1550,53
2318,10
2192,25
1554,36
3176,15
0650,38
0767,5
5535,14
0839,90
7233,10
4787,17
0323,81
5382,5
3759,19
2438,24
5859,10
4318,6
6970,20
7010,14
0492,40
7032A,18
3638,73
2375,31
0179,52
5410,10
2629,81
5832,6
0570,39
0314,140
0172,2
4165,1
5816,1
6768,44
2626,54
0152,67
4042,6
0554C,23
2058,27
6091,15
7056,24
3963,1
7544,46
0944,56
6726,32
0752,100
2638,14
0562,108
2623,221
4268,22
1931,43
2880,14
3641,136
5931,7
1167,39
5507,1
1847,40
4095,86
1597,32
3001,29
6159,12
6652,63
5320,18
4293,14
1455,20
6908,16
5992A,20
0443A,88
6081,27
1904,14
0012,47
0316,106
3009,9
2971,4
2162,12
6121,4
2746,29
3950,23
0981,55
0355,83
2858,11
4329,1
0567,67
3149,15
7532,32
4653,8
0768,14
2628,115
5744,81
3510,119
7052,14
2506,24
6018,18
3731,238
1113,23
2722,14
1829,28
1458,38
0190,103
5996,5
1679,22
6978,25
0235,263
0866,54
3987,46
2622,35
6965A,25
6999,14
7098,22
1508,47
1690,35
1328,20
3031A,7
2366,24
2645,35
5575,20
4720,46
4310,2
5511,6
3534,255
5684,22
1350,31
0247C,50
6447,13
2202,26
0066,63
3579,80
1102,22
7212,13
6797,20
3575,146
2200,20
6131,15
5833,12
0262,327
6459,13
0635,68
0830,70
6312,1
0838,73
7320,1
2647,101
5843,130
1518,52
7541,11
3134,7
0296,191
2724,14
8727,23
2429,28
1901,18
3918,10
2319,13
1018,63
5067A,11
3925,4
5813,10
0561,99
0311,300
7552,36
1473,25
5333,2
2117,26
0965,5
0115,82
0833,20
1761,40
5802,21
6419,7
3526,39
2091,17
5440A,9
7250,28
3592,13
7083,5
3781,72
5353A,12
1009,43
7209,20
1519,36
3278,25
7530,39
6073,15
3974,58
1353,49
4603A,3
5619,47
7549,14
5993,10
2036B,23
1861A,16
5664,25
5559,8
7012,22
6013,25
6158,4
1086,23
0097,68
2778,29
2700,93
7137,24
1029,58
0834,31
5884,9
1852,30
0579C,11
2087,13
1161,9
4730,1
3589,171
5211,23
1476,18
1417,57
2201,19
3576,207
5355,24
2444,28
3601,79
1900,20
3552,101
3530,42
2956A,8
2674,20
2456,4
6551,96
7031,46
4377,2
0927,50
3259,18
5338,47
7299,1
3137,19
1569,53
6488,5
1781,26
7272,18
7278,12
5297,34
5385,11
6299,2
0953,57
1927A,25
5642,35
0782,13
0749,21
6174,12
6746,20
7080,12
1596,19
3117,21
0647,47
0618,32
5434B,3
1092,12
3503,27
3028A,6
3209,14
2032,30
1251,41
0972,33
0113,49
1284,31
5965,8
0526,61
2852,12
6359,6
1201,112
1744,58
1616,27
5847,4
0186,64
6801,14
2101,19
2184,27
5092,7
4288,47
5650,29
2963B,34
5101,2
6785,5
4282A,27
0233,179
6722,42
7097,22
7238A,8
0824,83
1921,17
4031,49
3150,16
5674,25
0265,32
1468,23
2380,22
7229,3
1892,10
2417,29
2990,19
3000C,31
2955A,30
0337,152
5853,5
0254,105
6460,7
4974,10
6530,51
0494,33
3787,220
4035,52
0497,32
6969,50
1935,35
0302,92
6930,18
7322,4
6309,17
1617,32
1156,92
3635,73
6753,18
0445A,84
2916,30
1228,21
2819,23
1647,43
1533,42
3070,11
2402,26
6529,52
2801,26
1336,22
6613,52
5475,10
0351,78
0552,105
2123A,20
2983,5
6949,4
1567,44
3251,15
5530,11
0164,67
1428,82
2176,22
5607,3
2617A,38
5683,12
5682,6
5426,16
3028B,39
1385,69
2385,12
2379,29
0121,78
3066,23
7002,20
0628,57
2991,15
5967,10
2659,47
3995,36
0863,14
5286A,11
6690,27
6176,21
0687,10
6940,20
0690,148
6552,74
6763,45
2511,11
0215C,53
5913,1
5939,20
5590A,16
1529,66
1370,57
6917A,16
4144,65
3646,65
1755,20
3648,96
3001B,18
6094,19
6500,24
3604,134
5104,1
3608,225
4937,8
1691,10
2714,52
0993,59
0107,23
2412,22
7081A,16
1312,34
0638A,9
5717,33
0185,68
2081,13
0778,31
3144B,2
6480,7
0999,84
7224,7
4170,10
1248,59
1823,21
2753,72
5825,17
1426,57
6478,10
1347,17
1369,81
2196,23
1257,1
7146,17
2115,12
7510,13
0405,8
4075,27
6441,3
6078,10
0134,85
1874,27
0117,88
5335B,2
0783,5
1818,25
1267,146
3778,35
5740,20
6665,54
4163,2
2790,17
6481,11
3208A,16
5431A,107
5400,6
2721,26
0278,43
4357,24
0761,18
1475,34
3541,251
5522,30
2603,31
2174,9
4241,1
2783,10
6496,2
5987,9
5523,35
6992,24
4880,2
5900A,14
7044,1
6550,44
6112,12
3762,56
2919A,45
7104,29
6927,20
0171,80
4064,33
0816,77
4001,13
0524,111
5806,22
1627,8
1275,65
5073,4
4975,1
2125,36
3752,86
3257,22
6591,72
1443,39
2993,59
7523,10
1828,24
2825,12
2322,13
6256,4
4103,67
1836,35
1878,23
5100,6
0269,167
2386,16
2929,33
0214,83
6719,9
1413,41
0216,74
1016,15
3614,113
0922,26
0954,75
1835,33
1340,6
5586,16
3907,2
1778,41
2207,15
7517,74
1630,44
6489,27
6684,27
2854,47
5946,11
1390,14
8705,17
7380,21
2515,22
6079,17
1047,58
7096A,12
7508,6
6979,15
2918,20
1689,56
6651,45
7220,13
1939,81
2974,4
6689,14
1230,91
2062,15
0229,88
4263,32
0979,89
2480,30
1504,37
3139,15
2015,19
5704,39
0249,97
7315,2
0604,105
7109A,5
7108,6
7501,29
0239,253
5330,5
0031,11
5903,4
0946,80
2642,57
4227,5
0049,34
0978,81
5894,12
5308,19
1535,47
1331,34
3501,18
1515,26
5869,5
0173,42
6943,36
6443,10
1784,14
4245,3
4229,20
6804,7
0578,57
1593,47
4380,1
1873,11
3110,6
5421,3
0809,42
6247,13
0508,38
2205,18
6693,30
7166,4
1792,9
2301,6
7162,1
3003,25
4850,3
3566,70
4328A,1
3153,33
7381,57
5543,17
5680,22
1041,18
4810,13
7046B,1
1884,12
3923,137
4809,17
2330,26
4079,31
3565,30
2650,100
1776,29
0754,51
6351,6
2028,43
2059,32
3757,39
0658,3
5520,37
6782,28
1391,24
0536,50
6195,3
0788,11
4914,21
7034,10
0859,92
6916,23
2189,27
2832,9
7529,14
3928,5
6129,16
7205,21
1233,109
0181,75
0936,90
6190,16
7109,14
1377,50
3591,54
2970,22
6798,14
2397,18
0664,60
1851,6
0587,49
5925,22
1028,72
3519,108
4580,5
0471,82
3808,41
7550,24
4991,223
1520,54
3135,9
1179,78
6990,21
5226,7
0984,65
5402,8
5536,7
2846,28
2363,25
5425,3
1759,60
2082,15
3768,68
7138,28
3507A,1
2083,9
0191,67
7136,5
2416,26
3626,66
2806,56
7124,5
1313,9
7268,11
7089,3
6169,9
2311,26
3587,159
5560,9
0987,38
2805,56
3538,261
7208,11
4069,31
1675,36
1084,41
0253,41
7025,15
4652,10
5539,19
1642,45
4089,53
3936,10
5648,10
6750,11
6933,12
3165,20
0294,132
3523,5
5656,35
5503,52
6575,71
6589,66
0627,84
0667,83
1026,81
5978,11
3653,62
2315,20
4034,15
7219,14
6122,7
1643,50
5949,39
0941,58
1200,51
4098,60
6420,7
5676,37
2475,17
0694,31
3065,17
1255,168
5461,10
3164,11
7178,7
6751,15
3000,2
6928,31
1010,82
4005,42
1685,27
2840,19
5685,44
0246,18
2067,32
1474,34
3267,21
1155,124
4065,23
2632,22
2384,21
4763,6
1739,62
5668,46
2119,28
0252,76
7528,35
2008,13
0419A,38
2891,19
2992,27
0226,65
1218,91
3151,20
2621,8
0856,88
1149,26
5928,6
3617,216
5517,124
0210,63
0539,82
6997,16
0701,37
4789,33
3588,190
9900,1
2661,29
4712,2
7210,10
0692,41
3985,29
5404,8
6409,12
7321,3
6149,5
1287,32
2968B,27
4756,10
7021,7
0221,97
1151,64
5325,21
6561,64
6080,14
2206,32
1928,16
5878,6
6404,23
6166,10
3783,187
7241,25
0048,57
0251,78
6936,14
3821,3
0619,91
3088,22
0734,5
7019,19
6402,5
1512,41
6700,14
1418,52
5896,20
0238,276
5862A,7
3911,35
0875,65
1263,3
0614,51
4022,46
3642,179
3107,12
5917,3
2340,2
4088,44
0199,6
5857,6
6416,3
2541,17
3105,1
0025,114
0567C,14
0158,71
2750,52
0270,91
5988,11
3211,64
6003,7
3620,92
4109,78
5893,18
1530,74
1754,26
1834,32
1388,20
4100,85
1100,50
6781,12
1789,24
1615,36
1193,85
0343,170
6915,30
0131,51
0071,72
5313,4
0729,8
2851,11
2476,32
2718,5
2396,16
1065,91
6276,12
3146,37
6925,20
5331,11
2414,33
6706,26
1234,100
5635,8
6911,13
6340,14
0094,89
6277,21
6758,38
2111,27
1283,1
6976,22
1072,5
0582,39
6733A,25
4080,30
5572,2
1194,30
2735,13
1246,82
6320,9
1846,58
6778,27
5689,17
6463,23
2329,29
2312,16
2516,7
3796,2
5699,22
2989,13
6512,39
1175,24
1469A,13
5624,14
0050,29
0930,72
5339,9
0612,94
0236,253
5621,1
0289,640
7553,33
2975,34
2683,14
5968,14
3720,176
1427,48
1721,23
2328,10
4274,64
5341,39
6752,17
1787,26
3281,44
1176,84
6583,35
0586,72
6015,12
2141,13
6523,3
2309,18
3540,155
2039,32
7246,27
0322A,35
0763,23
5224,1
2049A,33
3935,66
1564,61
7046,1
0209,34
3273,27
2999B,21
1586,25
1871,12
6569,61
0557,86
2335A,23
2304,25
1282,72
6692,53
4913,25
1206,14
0646,80
1440,20
0328,189
2100,37
1803,23
0645,83
3524,18
0260,218
3997,7
6776,6
6595,25
6952,3
0267,238
0938,54
2037A,20
3590,175
3119,19
1741,46
2973A,38
3652,103
3834,22
5584,13
0123,87
0868,99
3644,43
6089,20
2325,14
5278,32
1270,118
4104,28
0814,116
6011,21
0298C,5
7129,13
829,1
6042,11
3610,171
0520,87
5107,3
1798,38
2382,15
6207,3
1421,23
1676,17
5627,8
6954,41
6967,9
5907,9
2680,12
5291,20
1528,33
2009,27
2142,27
2134A,13
0764,2
0841,64
3622,160
1786,23
5383,19
1067,50
5986,17
2080,17
6325,4
6484,16
4849,8
1608,34
0765,1
2446,21
6326,7
4086,38
7170,8
3123,25
0111,39
4847,2
0634,102
2890,17
1840,24
2837,8
1866,12
7043,36
5295,20
2713,26
4175,24
3111,12
4154,20
0168,40
5514,57
6300,17
0786A,36
1447,48
1329,14
0977C,5
5502,7
0272,153
7173,22
7526,5
6985,8
1062,48
7213,5
6282,18
4171,7
2401,26
6458,11
6470,3
2633,18
6696,44
2071,18
1453,63
4645,11
4298,2
0973,54
0322,117
3092,45
2921,8
1423,93
5895,21
1335,25
2751,56
1063,47
0275A,52
6770,23
4212,39
5253,13
4807,4
1050,81
1680,43
1929A,25
1046,33
0257,36
5595,1
6922,18
7235,15
5574,17
0852,89
0720,12
2794,9
5672,36
7127,3
5979,11
4944,11
0493,51
1594,24
0047,24
2051A,21
2707,3
6554,87
1707,21
3034,6
6034,11
4023,15
6598,3
6657,48
2332,26
0625C,7
3919,8
7223,12
0817,63
2838,11
7504A,31
6125,1
1811,33
0920,10
2874,1
1042,30
1595,54
1610,43
0208,278
5743,23
1343,23
0529,48
5413,14
0000,1
4070,16
4938,6
2041,52
7513,22
0341,88
6450,10
7343,1
5738,10
7066,21
1559,26
2129,21
0300,58
6660,45
5372,9
3916,3
1439,60
6717,48
3627,56
5867,4
5905,14
2488,1
4018,50
6592,85
5960,12
3148,31
7148,50
0623,76
6794,20
5730,9
6968,26
0202,3
3261,13
5963,9
3169,9
0854,72
4878,1
0051,61
3728,165
2973,19
6945,32
3716,149
7543,12
3560,124
1236,57
1673,49
0334,73
3730,177
2651,43
6088,5
2427,22
3551,5
2796,20
6590,44
2342,13
3253,5
2833,17
3047,27
7054,29
1446,49
1444,72
2055,26
2415,31
0093,86
6246,12
4267,42
4078,25
2163,16
0454,1
1080,47
1934,17
4207,51
2614,93
2065,19
1639,30
2601,1
4013,33
0099,60
1779,14
6779,22
3147,34
0911,93
3951,12
3712,73
6993,14
2525A,9
1581,39
2919,17
5922,6
1645,22
5951,1
0204,217
6903,16
0982,62
1075,48
0820,23
0980,117
2114,29
1534,49
0532,62
7282,5
7091,33
5378,8
1502,40
4349,1
5629,2
2138,22
5524,67
1857,57
1687,27
2186,22
3049,10
0939,74
0349,76
7013,20
0192,40
3014,3
0642,113
0821,86
0159,84
2860,28
7151,13
1666,36
3072A,24
5318,16
3071,7
5067,10
5384A,17
4570,27
5384D,4
1932,31
7169,27
1272,64
6257,11
7078,8
5615,152
5550,47
3282,34
0926,62
4020,24
0845,72
1438,30
3707,576
3156,19
0446,4
0308,21
2719,51
1268,109
6695,36
4283B,20
6258,4
7542,32
0140,14
0810,7
4010,22
3005B,29
3621,121
5527,39
0136,19
2338A,9
3625,64
0951,45
3145,32
2208,5
4964,3
0473,86
5658,11
1827,35
4265,30
2347,42
5919,8
4519A,1
3180,50
7520,58
1810,36
4758,20
4148,45
1807,22
3179,7
5449,13
1670,26
1279,81
0500,100
3276,44
6981,22
1498,34
1658,44
5588A,1
0759,4
6306,12
1162,19
0502,42
3012,47
1066,51
6501,43
1114,21
2166,25
1909,36
2654,51
5081,11
2410,51
1372,46
5353B,15
2049B,14
1435,62
0089,58
3645,46
5071,5
5874,5
6016,24
0829,119
6362,2
5419,11
0027,110
0865,56
2452,31
2173,12
1861B,23
3550,20
3961,58
7247,21
0542,81
2653,51
7555,32
6506,57
5880,9
0568,48
2331,26
2458,10
1261,28
5888,4
1549,33
0100,92
1848,94
0436C,66
6556,78
6007,15
0812,8
7084,9
3035,18
1814,17
3064,17
1489,9
0756,11
3999,5
4214,55
0753,50
0709,2
5083,4
4210,84
3069,2
7356,1
1342,12
2967A,2
0354,23
5532,12
0187,64
1899,21
6502,48
3740,272
5380,6
2149,11
2987,13
1005,45
2527A,8
0864,75
6485,15
1014,62
5519,21
1635,44
1604,22
1045,38
5728,17
7231,20
4941,16
2817,25
2770,38
5617,41
0220,88
6971A,11
6273,13
6578,59
1023,119
0963,47
2468,5
5909,14
0534,88
3994,31
2830,55
1144,21
3975,32
0516,103
7534,31
1472,27
3083,15
7126B,4
3196,55
5369,8
5282,3
0757,27
2662,8
2652,25
6233,14
6509,88
2432,19
1239,63
3521,58
6729,35
1832,35
2369,11
1860B,7
1896,28
7029,15
6168,8
1242,24
4994,1
5370,6
1371,48
0033,83
1198,65
1332,53
0505,71
5976,13
1215,20
5548,2
6904,18
1451,36
4073,33
1860A,9
3265,9
3649,58
7142,29
6482,10
1142,36
1540,38
6170,11
1668,52
2664,23
1303,15
2618,91
4145,61
1819,26
3502,202
4883,2
2935,1
1751,45
6347,11
1220,58
6087,20
3045,12
6543,15
6165,13
1769,35
1278,57
4790,17
3584,148
2139,19
1558,38
4828,8
2720,7
6260,3
5583,8
2769,75
7071,27
2926,11
5254,18
1790,26
6421,18
1908,13
5932,7
3984,16
0517,35
0501,57
5665,37
1493,3
6958,16
0290,76
6544,37
2368,29
2183,19
3726,254
3574,98
2443,13
3581,173
7273,24
0528,65
0702,6
5727,29
4066,8
3651,72
2785,14
6202,16
3094,16
2931,51
5259,19
0676,41
1538,33
2451,15
4710,29
6514,31
2419,28
7211,10
2978,19
5705,23
1441,42
2914,41
3077,26
2998,26
5596,9
6221,1
0293,195
2033A,28
2128,4
6047,8
3703,276
2121A,25
6932,6
1431,60
2872,12
6148,11
6957,2
7254,21
1501,25
0951A,6
6910,6
2439,18
0305,85
6357,8
1103,35
1491,5
2797,15
1916,25
0960,74
5447,9
1243,29
2691,75
3709,584
1145A,22
6986,17
2047,37
3190,5
0479,52
5231,5
6123,9
0934,40
1168,70
0073,93
1752,27
6710,29
3026,25
6415,12
4832,2
5652,28
2856,10
0118,78
0180,55
1150,57
1855,28
1276,62
7545,37
2042,19
6913,27
1499,58
3795B,1
0503,59
1379,55
4172,92
2133A,18
5892,35
1859A,27
6095,18
1606,38
1160,39
2093,18
6086,15
5950,15
2765,19
3920,17
1383,63
4011,12
2631,41
5409,13
0961,43
3038,29
3978,4
1083,2
2787,4
2199,25
6352,12
6358,5
0248,63
2353,30
1241,41
2888A,7
7051,6
2026,28
0451,63
5395,17
1640,48
6683,20
1917,21
6803,13
2781,3
2989A,4
6453,8
2360,15
6201,16
2468A,10
0871,119
6786,33
3199,7
4173,45
6633,61
6984,26
3044,13
4934,7
0481,49
1555,35
0225,51
0472,96
2088,12
0145,94
2798,8
1671,31
2182,11
5934,6
3615,134
2747,21
2371,29
4831,10
7342,1
0344,95
1883,20
1619,25
1240,86
2362,27
5924,9
1490,6
0010,19
5725,12
2835,33
3258,26
3511,182
6319,4
1509,26
6043,11
6248,8
1598,30
8715,23
7065,23
1258,93
5306,42
1108,34
0792,34
6723,25
4700,489
6178,20
1879,32
6989,9
4160,47
5860,14
0060,64
1591,49
5662,49
0441A,78
8708,27
6498,4
1308,53
0564C,21
0543,128
1363,52
0212,65
6197,12
3142,40
5555,7
1392,39
7041,11
5633,21
5474,1
0245,21
1612,50
4963,2
2655,35
2823A,32
0087,94
1849,3
6795D,14
2005,18
5851,3
0691,80
3250,6
0480,54
7101B,2
5407,8
5882,10
0748,18
4143,55
0467A,103
6010,4
0200,7
3957,31
3949,3
0174,84
1006,34
3921A,1
1632,36
1327,41
2820,14
1686,37
6664,109
0725,18
7126A,29
6114,7
1618,21
7063A,11
2619,57
0976,77
6436,6
1197,65
4877,3
6494,11
0744,95
2719A,11
6173,1
2381,24
6053,10
0227,217
6189,6
7536,40
4965,23
1902,23
2981,39
2321,11
6687,26
5810,22
0848,63
0477,50
1718,33
6311,3
1367,88
2719C,14
0127C,23
5943,17
2074,18
6474,16
5408,8
4008,60
4882,3
4024,37
1833,37
1579,32
0583,49
2686,29
4004,54
2178,21
6160,8
1232,72
5260,31
6240,8
0655,55
6234,10
2709,25
1061,45
6469,15
6200,22
2307,32
0063,151
6150,2
1864,24
2510,16
6567,31
0798,58
7276,17
4244,1
0679,76
0540,77
1425,50
2066,17
0636,82
6621,55
6324,4
6640,17
1109,28
1578,19
3971,2
5545,11
0259,554
1070,40
0594,40
0545,14
0689,36
1166,46
0605,79
5428G,7
0068,36
3178,16
6996,18
3968,39
0065,81
0696,9
2143,24
6718,30
0319,113
5504,35
4273,23
3062,29
4755,3
1364,68
1758,33
2857,11
7505,10
2703,7
3159,11
5577,29
1644,28
1154,72
7105,17
4591A,19
1052,46
1387,43
7048,15
1893,26
6612,58
3533,189
2079,7
6275,20
6084,39
6994,16
4076,21
0143,38
3915,30
7121,7
0601C,37
5746,24
5628,4
1022,43
1930A,15
2424,25
2644,31
0211,47
6636,24
0948,77
1274,93
1187,60
2523,14
6563,52
3833,36
3545,197
0095C,6
7243,4
4290,8
2504A,18
6634,54
0916,3
0324,107
3582,225
7117,13
1406,49
2338,8
5620,24
7035,19
3939A,1
2190,25
3283,81
7067,37
2035A,33
1244,85
0735,55
2920,44
6272,62
1271,120
0194,75
7050,7
0771,12
3650,96
1654,87
2441,5
4591C,276
3724,76
4106,98
1082,44
1247,49
1607,40
2688,95
0804,65
1305,41
2988,3
0797,41
8724,14
0525,106
0330,153
1288,32
1664,38
5995,10
3000A,9
1683,18
7113,53
3157,32
0678,44
6937,21
1906,15
6085,13
7236,5
5941,14
4093,56
4793,7
6154,8
2705,20
6445,3
0665,86
6956,33
1137,10
2077,14
6526,44
1516,23
2103,15
2525B,1
0853,57
5681,1
0466A,81
2804,45
6656,69
4074,33
4211,38
5423A,19
3756,101
2823B,11
3776,112
7016,36
6050,15
0462A,82
1570,24
1095,41
5736,11
2886,22
6491,8
5686,26
4152,66
0970,48
1717,51
6611,44
5677,12
2392,20
5871,25
5534,10
4852,1
7506,9
6573,3
0661,29
2965A,22
6548,86
2526A,9
0564,80
6236,19
4232,22
9999,4
6521,98
2795,6
1710,30
1732,37
6527,38
4026,11
1881,25
0053,14
2407,15
0872,72
1015,114
6341,14
0680,24
1027,21
2986,21
4266,70
5340,33
5279,23
3116,31
3539,17
1216,49
2161,17
3141,26
0101,103
0671,66
5336,21
2323,25
7008,20
1037,53
0086,21
6774,15
3262,21
1629,85
6520,88
0080,45
2434,24
2784,39
1030,61
2690,38
0967,43
4036,31
6394,1
7085,24
2029,35
2934,7
2932,30
6919,14
0064,85
3532,179
1771,35
5839,14
6525,88
6784,9
0947,108
2828,40
6765,27
2078,24
6742,23
0670,87
6944,42
3082,10
5876,11
6924,4
5556,54
3513,78
6153,11
1127,30
4002,38
2879,20
0353,20
2171,22
1286,50
0241,316
6795C,24
7092,29
2036A,6
4879,4
6756,24
5940,14
3713,440
2090,21
7507,11
2302,16
6446,19
6237,18
3773,16
0013,94
6566,70
7261,26
2789,5
5693,1
6308,11
5977,21
1107,29
2684,7
6596,62
3634,37
5264,1
1076,25
0695,19
6422,8
3633,64
7531,46
1139,21
0846,90
1737,104
2021,19
0803,82
1711,22
1204,108
6601,63
3714,26
2165,18
0861,142
6279,11
5362,2
3173,10
3557,190
0553,90
5856,6
0957,35
6962,1
7018,12
1210,88
1663,50
0940,68
1872,19
7143,4
5691,15
1738,44
6760,14
2966A,21
3725,189
2099,16
6655,100
4087,63
2863,11
5959,18
6531,118
0442A,50
5091,6
4091,1
5724,24
5636,4
6074,12
6516,58
6983,11
4059,53
7281,19
2112,19
1633,37
2509,18
4602A,8
2979,18
3744,166
1735,57
2373,22
1780,45
3561,170
5718,35
6162,2
1589,6
6540,49
6659,13
5645,17
3748,102
7049,22
3527,5
1796,28
1087,42
0133,109
6568,31
2471,18
6407,11
3518,56
7269,18
2070,18
6741,24
5935,9
2513,10
1411,32
1128,76
3774,302
4217,42
0276,87
1641,49
0183,87
2944A,14
1584,20
6014,23
1019,55
6175,12
0589,54
0047C,29
4139,7
7218,9
1910,13
7044B,11
1577,22
2613,42
0572,54
7217,9
3072,12
2075,14
3054,60
1587,54
6532,72
5899,4
3080,9
0247,117
2772,38
2829,28
2841,8
1465,50
3198,18
6942,31
5861,5
3784,97
1036,72
3930A,47
1808,39
3901,9
7003,16
4270,45
3578,195
1185,82
5414,15
3529,26
6442,7
0104,110
1651,50
0724,4
6745,24
5069,7
6164,6
7296,40
3093,24
0541,114
7335,8
2892,13
4213,3
7160,1
5411,25
2185,12
0182,105
5438,25
1841,60
5542,15
2696,63
3254,9
4812,7
2084,15
1524,71
1131,13
7023,11
0085,101
1207,53
5721,49
6973,5
6396,12
6571,18
4228,76
1226,65
4012,7
6507,37
3602,197
6965B,19
3507,342
1334,33
0163,64
5280,5
5944,8
3956,6
0620,121
3002,15
6739,9
3175,18
0653,131
3705,534
2413,18
4099,38
2977,16
4082,48
2927,11
2076,21
4792,13
1057,25
6493,13
2961A,19
4829,32
7027A,4
5406,7
1774,45
0112,33
6917,14
5315,13
2333A,17
0714,20
6946,15
3805,2
0283,67
7234,6
2453,19
7511,12
0857,107
2999A,19
0452T,10
5649,22
0565,30
6504,57
3904,1
1292,23
0773,8
3573,85
0624,98
0779,61
7252,17
3100,11
1510,43
7295,400
2693,114
7072,27
3520,43
4352,17
3115,19
6570,60
5626,10
3263,7
1053,52
4276,23
1602,16
2018,23
3597,158
3138,7
1035,15
3006,13
2350,34
0706,3
8706,50
1448,47
0590,50
4711,46
1169,82
5610A,45
5742,22
3618,135
0630,77
1291,23
0287,138
2887,17
1809,30
2120B,16
1191,56
1412,56
0310,272
6309D,10
3960,2
4147,32
2930,22
1919,14
2404,17
6535,73
5942,18
0298,72
4342,2
1003,95
0160,39
6564,51
1815,20
6988,6
2479,21
6995,29
6163,12
7141,8
0304,104
0855,51
3637,199
2113,17
6243,16
5640,21
3763,197
0669,45
0088,108
6477,7
2473,30
1669,38
4646,1
3555,127
6452,12
1058,18
0832,34
0762,86
5697,12
2844,10
7110A,5
0292,352
1212,67
3976,1
2658,91
6238,9
3750,211
2786,6
7270,21
5926,23
4884,76
1661,50
7331,680
5528,10
6093,13
3548,214
0641C,20
5375,11
2357,25
6465,10
5384,9
6284,13
3643,93
3613,95
2482,47
5471,1
5531,21
0326,157
3594,107
3926,20
3738,247
3969,23
3753,223
7096B,6
1795,22
1494,3
1536,36
1655,50
6964,19
2052A,32
6486,19
0750,93
6517,81
0285,125
1088,33
1733,46
5084,8
1404,37
2881,29
7009,20
0184,60
6012,4
5957,21
1782,26
5745,52
1646,42
1462,27
0990,67
1875,22
2418,10
4218,5
5470,1
1104,32
1590,21
5864,10
2979A,64
3517,73
0243,76
1008,109
3718,224
1262,49
6534,56
2646,74
0476,47
0836,29
5720,57
7047,23
7165,7
6373,2
6193,16
1674,37
5594,1
0436B,12
1145,55
3280,5
1715,26
2958,28
0818,126
7237,11
0217,41
1720,28
3955,1
5964,16
6410,18
1897,14
4038,39
6244,8
2197,11
3735A,12
2421,18
0998,74
1825,29
6688,22
7514,20
5000,25
6466,16
0178,40
6744,22
1505,43
2692,96
1405,53
5702,10
3782,42
5359,12
7139,5
5230,38
3943,1
5969,8
2450,33
1078,44
4108,62
4292,4
1678,29
6912,33
1650,14
6120,12
4096,86
0622,40
3596,172
1623,31
1117,10
1626,43
1449,48
6546,37
3940,88
5865,5
5431B,21
2334A,19
4629A,2
6075,14
5587,24
1838,18
1081,69
5250,13
318,1
7135,11
3931A,8
2344A,25
0488A,103
3010,22
6580,56
6171,10
2775,33
0078,96
0640,87
2989B,32
6497,3
5090,1
5812,21
3037,9
2484,6
1652,40
0712,16
7244,14
1805,32
1863,18
3112,2
1330,25
0858,70
1548,61
8725,2
3182,23
5335,9
0874,58
2411,23
2636,34
3051,13
1466,30
6210,8
6413,17
5623,7
2472,19
1905,21
4045,22
0780,4
0301,116
0974,71
3041,13
1452,65
6250,32
0459,27
4315,9
1345,2
7260,25
6024,6
1920,15
7040B,5
2922,10
2847,62
5916,5
1903,18
1507,40
5729,18
1221,77
2962A,18
2689,30
2876,1
6685,50
0641,33
5353,10
4909,6
2349,35
0555,64
1497,39
5841,14
4025,27
0673,24
0264,138
1186,56
1542,63
1928B,19
0775,65
2406,34
1764,38
3745,64
2954A,38
1434,74
6631,74
2976,24
7116,18
3765,71
4060,19
4644,23
1557,41
5966,13
3042,30
4219,15
1500,43
7240,12
2859,17
6713,36
5582,1
6519,34
1609,56
6354,2
6343,14
1869,29
1402,39
0617,51
6935,7
4000,33
4339,3
1703,22
1040,82
1031,104
4083,19
6720,47
7063,8
4149,36
1073,76
5287,8
0315,122
6597,78
1922,15
2823C,5
2006,13
0129,37
2701,69
6902,5
6972,12
6360,8
6600,84
2003,20
0210A,9
2310,23
0062,98
4277,2
2025,22
0527,77
4275,43
3598,166
0261,185
6594,74
1734,53
5897,6
0188,70
0992,86
3098,11
1682,30
0602,40
1177,45
5827,6
3514,88
4942,13
3754,73
2782,7
4280,27
0719,47
0213,74
0250,71
2933,21
3973,35
1211,68
0962,36
7087,19
2928,25
2324,13
5394,3
1294,42
6549,70
6096,4
7062,15
1877,18
0796,2
5972,5
5956,25
0709C,14
1146,22
7069,41
7255,51
2308,15
2648,79
0148,91
7099,19
0072,19
0512,45
1227,73
1339,17
2120A,10
6663,35
2172,32
1503,26
2134B,15
6630,43
0230,181
4335,27
0514,32
2314,17
0021,3
4973,4
4246,14
1702,16
4028,59
7284,1
1638,26
1672,48
6769,46
2378,38
0120,105
5268,14
5837,14
1209,36
3036,5
3569,168
0102,7
5272,1
7214,7
6199,7
7304,12
5647,15
3556,159
1352,74
0914,49
1266,89
7308,17
3275,11
5435,20
2877,6
1351,20
0234,60
4247,6
0544,28
1525,48
0339,73
6147,15
2341,14
2442,10
3563,60
6513,84
0847,81
5981,14
4260,36
1565,27
2034A,8
6297,21
0222,195
7088,31
6931,12
5237,10
4169,3
6771,42
0840,112
0595,62
0124,66
6748,24
1265,60
5842,19
0989,29
6974,12
0574,45
1140,9
1521,42
5872,6
1348,7
0805,64
5464,8
1378,55
1588,39
1797,16
1346,18
5379,6
5836,10
6941,30
2170,20
3086,40
0843,106
0081,23
2164,17
3544,228
1285,23
3777,94
7063B,7
2048,21
3001A,33
2431,24
2702,17
3207,13
4966,13
5879,16
4043,20
7055A,10
1924,191
3155,1
6009,26
3105A,14
3085,16
1867,13
4808,2
4094,103
1816,17
3704,465
6796,33
0518,51
4259,27
0215,71
7226,21
1259,72
0309,300
6577,83
3577,101
0167,89
5858,19
7267,10
0288,361
6255,6
1649,77
4142,32
2540,45
0253A,78
5513,16
0329,50
0558,53
1442,51
0551,52
0579,101
3122,12
2483,27
0663,74
1599,26
1660,50
3786,120
2007,16
7232,12
0743,52
0710,3
0573,36
1522,61
2457,15
0222A,112
2679,27
1657,68
2675,22
3158,20
1583,29
1012,61
2053,25
0030,66
6090,19
5396,14
2337,3
3160,10
7029A,8
2004,18
0325,65
1537,55
6499,19
0228,240
7076,12
6977,5
5016,5
7001,23
6310,2
0091,96
6128,3
0825,91
6562,46
5653,17
1724,21
7068,1
0860,135
1471,21
4209,43
5877,7
2045,31
2336,4
6322,7
1147,15
6280,21
3751,322
5434A,4
6054,8
5437,15
1585,20
2902,17
2046,24
8711,259
2884,22
0681,42
0286,31
5537,12
2766,37
8709,123
2620,67
1219,65
5269,6
1306,26
7145,12
2345A,14
0165,75
2102,5
2824,8
3616,218
6473,43
0597,74
5307,18
1566,24
7519,26
2440,14
1793,16
1133,24
3580,148
1326,23
3603,117
5622,2
2831,77
2609,97
1407,52
0751,6
0708,243
3166,24
2346,37
0995,54
2641,26
6980,23
0490,81
5887,5
3719,235
3733,193
3197,36
4264,51
5992,9
2056,27
0575,42
0649C,4
4161,67
1433,57
0126,69
7275,15
3181,23
6019,13
0950,91
5669,27
0631,90
4271,65
1563,53
0499,111
3264,22
3184,9
7132,3
2188,26
2408,26
7266,11
0440B,17
3508,355
1622,41
3272,6
0281,49
1767,54
3206,21
0121A,34
0061C,1
3118,27
4968,14
3959,2
1603,32
0577,51
6355,6
2519,17
1051,36
6301,10
2756,1
2717,56
2428,21
0486A,118
2749,92
2611,63
4052,1
6448,19
2678,8
1527,43
1777,30
5549,25
1195,71
0491,36
6953,26
0787,8
1132,14
7330,10
7537,74
1464,38
2822,6
3269,10
6581,52
0409,8
7133,8
1224,62
2682,6
7120,20
1309,11
2949A,62
0166,92
8732,1
2435,21
2607,136
5312,26
0157,137
3721,567
4356,1
0991,97
2359,24
2344B,13
6508,102
0928,64
3271,18
8720,53
6475,12
0621,96
6405,7
0668,29
5671,21
6487,3
6616,82
6344,18
2148,14
6022,20
6495,8
7046A,5
2383,17
5737,11
6542,23
5399,2
2861,10
5536A,14
4338,26
0312,131
1068,45
1889,27
1911,24
6172,11
0538,75
1250,70
2499A,14
1746,29
2395,23
1202,94
2069,32
6998,24
1839,50
3764,86
0108,77
1773,13
5326,16
3177,17
2711,31
0831,69
0983,104
6072,12
1213,45
6618,53
5915,2
1203,59
2527B,1
1467,30
5632,12
2839,22
1223,84
4029,3
1105,2
3623,47
3101,12
6800,26
0923,37
7110B,6
5646,27
1355,100
0813,221
2203,16
0808,136
2306,21
0067,79
0842,74
5838,18
0510,58
5544,29
6433,10
6439,13
0440A,16
6438,19
6565,60
6929,10
7006,18
5801,1
2968A,31
0988,26
3121,15
1824,16
1408,34
3820,26
6044,15
1254,126
5739,11
0966,12
5657,21
7149,2
7037,6
5232,1
0656,65
0563,54
0335,86
0313,127
1430,49
6921,22
5980,13
1382,43
1749,44
6395,3
4224,20
3204,12
3528,55
4037,56
1020,59
3611,127
1118,9
3275A,7
6418,33
0196,191
5644,30
3562,89
2502A,16
1760,55
0207,183
1136,22
5217,5
4647A,3
1403,53
7525,6
3522,43
6076,22
0675,26
0055,31
1025,50
0284,66
6762,33
7114,33
2708,5
1743,41
3631,83
3933,4
2364,29
7332,2
3546,118
2387,19
1386,68
1265A,8
0740,98
8710,21
0189,68
3656,124
6938,14
4733,8
2982,34
1178,84
6113,18
1648,63
4107,75
4353,32
3977,24
8721,161
0057,1
2712,32
1532,48
0026,43
3722,498
6920,43
5082,8
6555,93
1636,63
2464A,15
3771,8
1039,76
2764,23
1457,32
6298,9
1843,36
1182,63
5723,40
6304,12
5716,29
4279,9
3133,5
1862A,37
3585,180
6547,13
2068,25
0004,1
3516,73
6734,11
7539,25
7277,16
5719,11
2687,17
2064,21
7156,11
1174,45
6632,67
6020,13
2849,21
5930,8
6417,9
1726,22
5807,23
6052,3
0521,58
2507,18
3605,142
0474,45
7323,1
1237,77
0533,121
2127,9
6051,18
7005,12
6414,13
5377,9
1252,78
2403,24
0150,59
2466A,21
3706,561
5079,1
2834,20
6538,56
5329,16
5958,13
1401,14
0116,117
0029,45
2430,19
3958,29
7150,13
2842,37
0059,52
1868,18
5294A,2
6602,56
7229A,4
5512,15
7204,22
4044,20
6574,59
3073,5
5938,14
1481,39
6348,11
0436E,51
0094C,23
6432,6
0244,26
0024,69
6961,3
2889,11
7045A,7
6537,67
1517,36
1634,28
2699,75
5334,19
2836,17
2984,18
2716,19
3922A,2
4287,29
6955,20
3136,12
2776,19
5616,45
1700,61
2673,30
3630,56
5478,2
6046,19
5322,56
2901D,11
6712,27
0496,64
3767,15
3554,212
0774,24
0806,59
1801,30
7053,20
2526B,9
1079,32
0823,40
2627,65
2901A,34
5262,10
0956,54
2191,17
4153,37
5337,25
5811,17
5933,23
3076A,24
4067,36
0739,33
2022,17
6767,18
2615,10
5936,15
1469,10
5707,16
0910,49
0255,19
6082,16
5585,31
2177,26
7038,1
0061,88
3599,8
0482,70
3104,13
0222C,9
1307,70
0084,57
3277,12
7253,18
3791,1
3924,15
0103,68
6780,28
6167,2
2305,23
6614,59
3729,207
2681,9
0219,93
0105,90
1293,31
5875,11
6576,16
0071C,13
0509,51
5458,6
3274,24
3717,578
2845,44
6346,20
3619,152
1460,39
5735,12
2394,19
6615,78
1706,32
1822,25
3807,2
3191,7
2130A,37
0463A,47
5611,76
2358,28
6515,52
3013A,10
1804,3
5521,20
2924,16
4230,1
0299,73
6323,9
1089,28
4014,8
7554,26
0022,20
5870,24
2767,50
6374,5
2660,47
4881,12
0613,48
3210,11
2936A,23
2422,21
1119,19
6406,4
1885,11
0717,45
0495,72
6318,2
5900,13
2425,5
5975,16
1188,52
0161,51
7090,22
0436D,40
2938A,36
0870,48
0732,3
1034,15
7100,26
2745,38
1727,43
4971,7
0931,80
6747,17
0317,66
3948,7
4216,26
0464A,58
1368,51
1601,28
3076,33
0588,41
1551,39
0648,76
3011,59
4336,42
1582,36
3785,157
6117,7
1886,15
0128C,33
5397,10
1222,107
0915,26
3536,21
2617,69
2799,52
4027,20
4343,48
1235,53
4159,65
4085,53
0106,64
7538,39
3537,210
2955B,2
3775,274
3005C,22
2092,7
5598,24
1463,47
0766,30
6783,9
1126,23
5678,28
0460A,53
2676,18
2649,50
0935,49
1450,49
0142,65
0279,65
3013,7
2124A,20
5354A,27
5350,3
5357,15
2969,16
1541,37
7122,11
0327,94
0925,46
5345,7
7028A,13
0023,21
5342,14
6603,52
7045,5
0781,4
1135,30
5576,1
3006A,8
1077,1
3962,43
7547,20
4068,32
0206,124
2316,14
0015,1
6727,55
6339,18
3779,133
0273,108
3732,247
2343,30
2409,37
6038,12
1017,14
0959,53
3723,95
1653,50
3007,18
6252,6
2853,32
2771,36
5921,15
0738,70
0275B,22
6730,29
5883,13
0918,63
6947,5
6191,9
1637,58
5361,11
4976,1
1217,68
2151,14
7274,15
2780,8
6617,40
0282,124
1300,22
3609,356
6951,7
0591,66
6205,1
0985,59
4327A,1
3074,3
5368,6
3189,19
1488,11
2917,14
0975,144
7015,23
1713,34
1560,23
3089,24
3547,80
3780,203
2388,19
1614,32
0844,93
2454,13
1013,59
4231,2
5641,3
3747,75
7094,18
6157,5
0345,80
0611,95
2204,41
2014,22
2864,25
6309B,10
6209,11
6305,7
5688,32
6743,21
1572,37
1539,44
1205,79
3628,50
4314,10
7240A,25
2372,15
1148,14
0478,84
0306,145
0038,17
1800,31
0560,43
0793,83
7242,3
6795A,16
6604,52
0997,70
6539,80
0318,133
2478,27
6510,95
2038A,40
2010,10
5613,53
5305,10
0601,32
3701,142
5891,21
1044,29
0726,133
0193,25
0452,127
4151,38
6423,10
1032,10
6724,11
1071,27
0256T,2
1436,40
5462,8
1180,107
4007,10
1772,25
7313,2
7215,10
3161,7
0231,202
0052,52
4226,8
2685,3
4715,21
1681,13
7326,7
1225,80
7167,2
5937,7
0162,72
5515,70
7077,22
2116,34
5700,21
3568,189
5087,16
465A,1
2677,10
0730,24
5696,2
6518,53
5323,30
3005,15
6914,31
3629,58
5246,9
2988A,46
7262,20
5072,18
5708,35
3063,29
4097,53
1238,111
1806,46
3046,29
4757,15
6192,18
2999,17
2768,60
1470,33
0592,42
1130,13
7058,11
4851,1
6092,33
6572,15
7030,21
4208,28
0576,102
1231,39
0122,103
5309,29
3800,24
0332,25
3760,48
4072,34
4993,10
7059,9
1750,31
0040,65
0942,57
2001,24
2997,6
2050A,21
4058,71
5945,2
1157,73
0535,56
4206,72
1338,25
6274,19
6048,14
2512,14
2793,4
2317,17
2521A,10
0958,103
7265,5
4791,13
0039,45
3965,62
0807,135
4788,24
6802,8
2752,125
4262,59
2656,84
0707,57
3970,37
6479,15
1021,13
7251,18
3140,18
5914,4
1704,19
3606,112
5273,11
3095,33
4967,12
3708,1195
2494A,19
00979,14
2463A,4
2634,33
1091,40
4591B,5
1748,25
5971,17
5417,2
7045B,26
2901C,7
1159,79
3769,17
1552,48
6533,48
0549,75
6124,19
0522,54
5961,19
5710,37
1728,33
6077,16
5473,2
1024,48
6503,57
0660,78
0195,53
2126,45
2060,23
6467,5
7172,4
5557,20
0629,91
1705,32
1736,33
1876,12
5080,3
2630,82
7259,17
4016,49
2737,34
0952,71
6971B,13
0900,6
4150,45
6991,23
2823,14
5889,6
2501A,10
3162,6
0044,37
1802,56
2773,31
2462A,12
4009,54
1416,36
3120,18
0441B,51
7039A,3
0218,88
2002,37
1865,29
3504,70
0964,96
6130,26
3789,179
0263,330
6761,14
3647,58
3567,86
1562,43
1745,59
5612,57
5284A,29
1880,28
1141,13
1856,42
5324,26
0827,112
6155,10
6017,23
0742,26
2616,74
1747,49
1936,22
4714,2
0828,87
0176,155
2957A,23
1580,27
7309,1
1280,23
0125,119
5335A,17
2634A,6
0275,68
0643,67
3531,15
2447,9
0584,72
0715,68
1085,50
5439,2
1914,21
5703,51
3967,14
7014,16
3143,21
6023,25
3914,46
0095,75
6686,12
3741,166
0469,1
0156,103
5290,23
5249,2
1269,307
4063,4
7230,1
6161,9
5347,6
0710C,18
2803,91
7216,3
6177,10
5840,14
7279,15
0177,50
6281,24
1561,62
7518,36
6639,50
4040,18
3174,23
5709,30
6505,68
0045,54
6220,4
4591D,20
0350,27
3793,38
6948,22
6411,23
0811,31
0711,4
7324,17
1482,12
1290,35
5831,1
3113,13
3060,34
0919,53
3954,9
6115,10
0135,117
6732,71
6461,7
0037,8
3715,154
1038,47
0418A,33
1341,31
2370,13
0949,41
3937,17
0755,25
2695,112
2481,70
3549,73
6918,3
1725,29
0026T,8
1665,51
2118,15
0716,32
0056,99
0149,62
3542,169
2706,55
3081,7
1304,27
3535,31
7075,6
4294,24
7079,13
6939,18
0014,120
3505,40
1043,56
5066B,3
6062,12
3794,249
0348,54
3758,11
3979,52
6553,90
5386,14
1826,27
2085,22
6363,1
7125,10
4337,27
2524,12
1153,83
2882,18
0933,26
0652,161
0776,78
0438A,48
5973,3
0632,112
2086,43
0119,96
6278,25
1454,38
7081B,1
3059,4
6541,21
2168,27
5666,40
1547,40
0098,93
4084,73
5501,131
1771C,4
1926,19
4939,13
0303,108
1183,140
2356,35
3512,32
1170,46
0566,45
0090,83
1692,14
1701,11
0291,364
3185,11
3167,6
0546,37
0723,2
2044,3
1277,42
5070,1
5947,15
0498,52
3202,22
4764,8
6759,12
6524,99
6709,11
3252,7
0266,201
1830,18
4762,8
0489,85
7522,18
6198,9
0548,79
0453,69
5714,88
0639,61
5358,38
3564,245
5354,29
6793,5
5015,6
6071,1
1783,24
5351,6
1712,10
0175,78
2779,48
2816,12
2972,21
5506,11
5741,9
7070,23
1768,17
3154,9
7263,8
0969,49
3736,319
6799,15
0515,112
7027B,11
3702,213
7179,6
5862,6
2755,40
1229,71
2334B,29
2821,10
0943,60
2445,25
0657,61
1134,25
5335C,10
5376,7
4731,17
1409,45
3004,26
0531,72
7535,27
6412,6
1110,7
2354,27
6731,37
0141,67
7221,6
1740,59
2187,25
2355,24
3027A,59
0258,215
5068,5
0144,92
5450,10
0867,71
5466,3
4041,31
7524,1
0929,112
0945,66
6021,40
0307,124
0686,68
0074,71
5868,2
1173,46
0504,48
4146,78
5384B,7
7546,60
2123B,15
7163,14
4101,60
0338,55
2303,16
0851,87
5533,6
2040,23
0556,142
7007,20
1424,61
5343,25
1422,76
2704,26
7004,12
4940,9
3039,34
7504,6
6522,59
0683,29
0956A,3
0069,116
2361,30
2017,14
3710,357
0075,12
0772,3
0336,70
1116,7
1055,44
6619,10
1381,78
0223,61
1799,36
0662,55
4220,15
0585,33
6605,34
1245,85
3048,30
3525,105
6045,11
6118,2
5815,10
6728,41
1913,17
3029C,7
4734,238
0130,82
0869,105
1933,47
0020,17
3099,4
1688,49
6307,7
2964A,30
5415,8
4324,11
7096C,10
1249,22
3572,62
1722,31
5918,15
5240,3
2822A,13
1432,87
1344,24
0507,38
3998,15
5418,20
6342,23
1456,76
0559,83
0785,53
2808,32
2094,17
3270,8
0155,48
4291,2
1895,31
2608,71
1526,42
0777,83
1753,21
1523,38
1125,42
7028B,9
7055,20
2754,49
2175,21
6302,17
5311,40
0822,116
7164,11
4221A,12
1820,16
5255,3
1543,31
6638,6
5476,16
3952,10
3927,22
5405,12
1729,31
3091,35
3711,145
1074,43
3032A,14
4759,46
4102,75
5393,7
0295,258
5638,15
0077,68
0737,18
0913,33
0321,102
3043,25
7515A,57
7248,9
5321,25
2698,74
2072,22
5618,33
1723,34
1101,78
4295,6
5667,30
0333,45
3939,1
7155,2
0971,38
3639,73
7102,1
8707,34
4003,49
7203,10
6738,22
5387,18
0996,50
1890,35
7024,12
7134,5
5804,6
2518,12
1354,45
4039,42
0685,37
3506,40
1763,106
7042B,11
0909,38
7174,2
1731,65
5722,21
7086,15
1459,32
1429,62
6321,6
0417B,23
1163,15
0593,93
5970,2
6025,4
0718,23
1923,23
1375,58
0684,18
6536,68
5660,36
2936B,9
5687,31
1742,85
0731,103
6905,17
0581,80
1568,32
3640,146
4794,5
3727,347
5609,33
3799,71
7106,51
0711A,3
6116,18
7017,8
0795,8
0280,115
6462,30
3543,88
6635,89
3087,44
1115,31
7000,13
0198,5
3005D,24
1419,58
1090,21
1858,25
1918,19
1000,90
3052,23
4017,20
2822B,24
7011,5
5274,4
5540,28
1831,16
7064,11
1511,59
5346,5
0256,125
2788,32
2348,20
6251,12
0097C,6
2985,22
0644,90
2883,16
6328,18
1894,25
6303,9
5908,16
1898,25
7074,6
0154,69
4760,17
3163,29
7533,24
7509,16
7249,9
0436F,68
3788,247
6356,6
4786,12
5651,31
1912,28
3559,91
3050,12
2011,27
0096,89
0850,6
1785,16
1099,12
5639,16
6909,22
0799,2
5384C,35
7042A,14
6982,24
1004,58
7107,29
4019,17
1730,42
5242,6
5285A,13
6757,1
5319,25
0340,93
6579,46
0506,62
6662,27
2135,36
2915,12
1553,21
0677,48
4732,9
1659,28
1199,87
0968,33
2459,21
7061,21
0320,64
7222,2
4811,8
7115,14
2718A,20
1376,60
6464,19
7040A,8
0054,74
3078,27
4995,4
0654,56
7060,15
0347,42
5904,2
3084,14
3737,91
0697,105
1837,28
2777,14
1821,24
6235,6
2875,6
1054,60
0835,68
0638,63
6037,11
6245,14
5526,41
4105,16
3090,27
2024,38
2367,18
2391,21
5654,40
6593,53
2376,41
8703,2
4030,31
6588,35
1152,111
4015,34
0277,44
6766,25
0530,62
2763,28
1925,35
6764,2
2878,5
5428D,3
6317,1
5713,18
5695,2
2167,19
0932,18
0032,143
7147,12
5597A,29
0224A,4
1437,56
0711C,9
5881,7
5554,12
0132,92
2980,16
6754,6
2061,26
2960,15
0659,63
3654,95
1794,11
5706,33
0651,123
5643,49
6959,27
5429,5
3655,81
0028,66
3938,28
3004B,19
2400,15
1575,34
0674,33
7540,11
3509,89
3102,7
6472,23
6403,2
0637,66
6653,59
0741,30
5203,21
0076,76
1812,34
1181,59
7239,8
5673,143
6194,7
6036,9
5398,5
5863,13
0082,2
3144A,5
2625,41
5327,39
2030,7
0342,94
6483,5
2137,26
4071,39
5982,20
6620,64
3075,2
7119,14
2665,11
3600,130
0346,51
0232,212
6331,4
3571,42
7551,34
2105,29
1844,76
3558,171
1546,30
1766,32
1625,26
7103,36
1214,3
5920,5
6545,57
2405,32
1380,37
2154,3
2826,59
0513,38
1765,59
5610,26
3932,31
5991,17
1414,44
1571,61
5927,8
2461A,15
3632,47
6408,3
5551,11
3168,3
2862,9
5655,9
6309C,4
2474,22
0005,1
6934,9
0849,124
0271,101
4972,7
6599,70
7020,19
6208,9
0596,91
1410,42
2719B,44
5809,14
4969,24
0794,60
3910,32
0268,302
2020,11
0700,59
8704,22
4943,16
1620,27
2947A,26
1842,38
0937,69
3983,35
6987,14
3583,150
5541,13
6772,33
2426,23
0599,39
1716,21
6203,13
2057,17
2448,47
3114,25
1775,43
6204,7
2477,2
5912,6
0994,76
5955,19
1011,64
2522,16
2748,43
1189,46
2629A,69
5663,28
5698,14
1854,42
7258,15
1506,19
0688,64
3152,19
2469,1
0598,59
0237,187
