Feature Name: Street_Number
Value Num: 5099
3553,7
643,63
1576,18
3828,18
3778,6
2796,1
3329,7
374,70
6525,1
2320,42
604,82
4814,1
1133,52
3335,10
3947,16
912,23
2436,14
4056,3
2813,6
481,75
1600,161
1264,30
3047,11
1961,25
1951,26
2873,5
2027,49
2393,3
3734,10
3619,8
4675,3
5012,1
2254,15
796,8
6310,2
2528,14
1607,32
1289,9
4509,1
3055,15
1490,68
2161,22
4391,1
2797,6
167,150
5538,2
1256,36
6039,1
3000,44
1158,24
3008,10
3868,2
3914,5
2104,13
1273,28
672,45
1048,28
199,206
3422,5
4162,12
310,148
3473,3
2758,7
1902,12
2150,65
3018,16
2257,24
593,13
4818,1
378,76
935,83
5102,1
5777,1
2959,13
1314,65
3821,19
1887,7
3100,23
488,52
1845,68
3279,1
3826,15
2569,11
1199,24
4912,2
1810,50
1260,46
1358,33
3477,4
1389,11
5529,4
402,38
3260,1
3913,3
3103,17
309,80
1784,12
541,63
1388,34
2789,2
4903,1
732,38
4250,6
2406,7
3912,8
7006,1
4434,15
2380,21
1709,38
2635,49
3817,5
3607,3
1935,50
3057,11
1281,21
3208,5
6441,2
3106,14
390,111
379,57
2107,40
1971,11
2612,25
1719,41
3019,6
5268,1
2807,31
7713,1
3109,10
930,158
4269,2
4328,8
917,50
3570,12
2783,9
4656,2
2115,34
1208,34
688,26
5457,1
852,40
4326,12
726,75
2562,15
7829,5
1611,31
4180,4
2449,4
1099,37
1878,11
1384,19
766,48
4461,1
2140,42
3744,11
950,200
2062,29
3139,5
4555,2
1531,76
2433,27
2642,13
4161,5
2373,9
4382,1
3286,1
2157,18
156,146
768,51
1870,80
3491,23
220,290
4130,12
1613,17
2016,26
2425,86
1816,39
4193,3
683,33
5126,2
2423,28
5135,2
4658,3
3181,8
4500,16
1513,33
1333,160
3407,7
3798,4
3073,3
3225,28
1940,81
1492,17
1317,32
2575,38
2800,134
2561,4
7750,1
2152,21
2791,4
761,58
3400,69
4622,4
96,66
1114,12
3234,37
3247,5
1397,8
2198,31
4507,2
4088,1
1415,94
645,154
853,31
4591,3
2557,18
6239,1
3461,3
3897,1
2023,24
4538,5
4121,11
1907,23
1175,38
2610,38
4164,14
3595,12
146,164
4624,5
36,177
4035,8
5224,1
1586,15
4199,2
1747,35
429,77
6048,2
4332,9
3903,8
4095,4
8020,1
2193,10
2399,4
2106,26
3487,16
873,31
5546,2
3735,21
3861,9
3212,10
4261,7
886,26
1337,28
1462,38
5440,4
7327,2
1545,89
1544,39
1915,51
2794,8
1196,8
6923,1
3862,5
5122,7
1326,62
1619,31
5026,1
1559,62
322,82
2488,8
1435,65
698,57
1236,43
1190,60
3838,49
4837,1
348,73
537,103
2815,28
2508,17
23,164
657,46
4843,1
2063,33
793,21
1621,38
4272,3
3729,5
636,61
2279,19
476,28
1479,15
1049,33
1708,22
694,19
4355,2
531,141
3795,8
2818,15
743,70
3022,14
1162,11
2420,43
1064,16
5130,2
3684,1
5817,1
2497,13
3177,4
5525,2
1094,10
3307,5
7700,5
94,21
1129,30
3488,7
2300,188
2715,34
4841,1
5328,4
2089,9
968,36
2697,11
1138,39
329,62
3515,25
117,154
722,127
192,39
558,57
5454,7
3737,13
3966,8
910,56
5243,1
1296,13
2809,27
2210,66
638,60
2153,17
2460,16
2746,20
3766,6
949,76
1028,31
3746,7
71,316
1624,48
1362,43
3053,16
678,41
6130,1
576,47
4822,1
132,149
2019,15
5826,4
2322,45
7415,1
2734,13
2848,17
1667,27
4830,2
5625,3
1509,20
1788,6
6256,2
54,185
2194,17
427,91
4515,10
1098,16
4635,11
418,57
3980,8
977,23
3338,11
4188,6
1965,26
1137,23
395,27
579,62
1770,74
956,52
1253,24
3845,15
4469,3
4565,4
1374,33
1758,12
667,74
3777,2
413,22
2155,65
6740,1
1366,42
2909,22
5513,4
1757,13
3108,20
3414,11
4873,1
4110,1
312,105
3316,24
3858,9
2318,26
1554,35
759,43
856,41
389,44
6933,1
767,76
2464,5
2095,50
1986,7
4787,2
1400,299
2363,27
2438,31
4318,10
7010,1
2611,12
3638,10
2375,22
1372,36
1724,19
2703,3
2629,22
5553,6
2897,6
440,163
848,46
894,12
4432,3
2369,9
4042,14
3354,21
1556,34
4521,3
3878,11
2293,12
4303,1
1373,15
2638,16
592,15
2623,14
1549,27
1931,25
81,129
3641,16
958,14
1916,42
2741,13
1597,11
3001,22
2616,21
4826,2
3437,21
5320,4
3496,5
1455,351
2536,37
911,32
3327,6
5174,1
614,80
3009,24
2971,4
2162,38
2171,28
3950,7
490,236
3510,7
1292,9
1947,12
4329,4
602,40
987,21
2505,34
570,127
4653,2
4284,2
4628,1
4158,2
3674,7
2628,23
385,70
2278,21
2291,39
2506,22
3352,14
791,36
1701,140
5001,7
979,28
1829,25
1458,51
2767,2
3850,28
2893,3
673,39
438,72
165,168
3987,10
2622,28
4805,1
295,129
3837,4
2808,40
1328,30
2645,54
1557,26
3043,4
561,73
4310,5
3098,8
79,142
5550,4
6635,1
3636,39
4214,3
4021,21
2202,6
2378,12
3500,39
1102,15
1123,26
3575,18
3459,3
284,63
3218,12
4196,3
792,26
2683,11
486,33
1521,38
116,228
3657,13
2702,3
1047,19
2647,15
313,42
1518,26
3067,3
3881,4
3898,11
2724,26
3308,7
2926,14
2195,27
1901,75
3918,8
1850,58
1018,18
929,44
4178,6
858,45
1473,17
4679,1
2117,6
3353,11
1761,16
3198,14
51,236
1805,30
1212,43
2607,7
4366,7
633,117
3993,7
3844,5
3830,34
2261,24
241,87
3278,9
3031,16
3974,15
8231,1
424,110
3882,6
823,42
3427,8
4665,1
3224,37
4305,1
745,64
1086,11
1824,30
31,197
2778,22
2700,94
1749,34
1029,35
3885,3
801,204
478,58
833,72
585,53
3216,3
3589,7
3301,33
3355,31
2874,8
1417,43
3967,5
955,76
5422,1
5355,4
2444,42
3601,8
1900,110
1091,6
2674,25
128,123
2939,25
3578,5
4377,3
173,75
3259,15
1170,163
2480,30
1569,34
2177,40
925,97
3824,8
1361,23
5297,1
3900,15
2494,1
2212,8
4215,3
3807,5
4398,1
705,51
2567,30
2802,2
456,138
3117,9
4443,19
1606,35
3503,4
5733,1
2032,24
1251,69
4029,5
4517,2
1191,4
701,233
1201,266
1744,22
1616,22
5847,1
187,60
113,44
1909,23
863,53
2101,94
985,36
1082,16
3757,3
183,73
5650,2
3349,7
208,108
934,22
4889,1
1172,17
3683,1
3809,14
4204,1
2817,14
4031,16
3150,37
4051,8
8137,1
4344,4
2148,14
76,149
3612,6
4218,19
1892,8
2417,26
2158,20
3671,10
2542,28
940,127
1493,7
4079,4
559,64
573,38
842,63
1985,23
3223,22
1334,38
85,254
2572,6
4606,3
1865,42
1543,40
505,363
3217,2
2725,49
270,216
1496,11
2950,73
3635,5
794,27
2568,2
3812,3
4846,6
279,108
2819,18
831,56
862,37
3070,17
4671,1
2402,5
439,108
6529,1
2801,47
1336,51
2313,4
3891,6
2530,58
1567,38
2955,26
3408,1
2723,15
1360,105
520,151
450,408
1428,27
2176,12
843,62
1997,3
818,74
2248,8
1385,48
3806,14
2379,33
3066,9
3842,6
1814,40
2991,2
2659,34
3995,12
1796,7
798,38
2597,6
2998,7
4724,2
5070,3
497,17
966,30
1604,13
2511,18
4249,11
3921,8
1990,46
5120,2
1584,5
3079,12
4566,1
1529,37
4979,2
1370,94
1911,27
4144,9
2502,10
98,134
2122,18
3648,5
139,170
5609,1
4655,1
2272,14
1365,45
3608,5
311,115
1691,12
2714,16
3163,3
5709,1
2412,13
3670,15
2639,36
1312,44
2583,12
692,15
5717,2
2154,25
2081,8
5830,10
4704,5
4126,14
477,68
3651,6
897,14
4170,1
2345,62
4641,4
3590,16
2021,13
3745,3
3083,7
1347,40
4546,6
1369,29
2668,9
2,814
498,52
916,21
3899,3
1589,10
629,59
4232,3
141,100
4075,8
5655,4
1299,10
3254,9
6834,2
1874,19
850,227
4421,4
34,201
7416,2
3272,9
1189,22
1267,46
3969,2
3157,6
590,131
2390,54
235,448
4163,6
3366,8
2442,35
5400,10
2721,21
2774,26
2988,3
2286,9
1323,37
4519,5
1475,60
288,45
970,47
3541,27
4654,1
5522,2
2603,3
4674,1
243,104
4794,1
2905,8
91,101
1349,15
6425,6
226,142
584,48
4380,5
2184,7
4637,5
1592,8
654,53
4659,3
3762,8
5158,1
2946,11
4064,9
1628,30
5990,2
5547,4
4001,13
1275,189
4181,2
2964,3
914,31
685,190
1832,17
84,96
3357,10
4480,1
4660,18
2993,9
3779,3
3060,40
2825,20
320,153
3866,5
108,95
1836,22
2885,7
5100,2
2386,24
2929,51
4228,9
4551,3
620,81
6350,2
2315,35
115,286
1016,36
2026,20
1835,70
4727,1
616,77
3183,2
3907,3
1778,19
2207,36
3469,5
483,52
906,37
804,32
3934,28
2854,13
5305,2
998,31
1390,263
555,994
3378,15
2515,28
2230,65
3507,12
3666,5
211,158
2091,7
3406,5
1689,7
3393,1
4449,3
1939,52
3852,9
1230,99
706,100
4263,3
714,71
3901,10
1504,37
2469,4
347,85
1242,74
3209,3
215,232
3341,10
451,130
2667,17
960,52
7501,1
4185,3
1156,53
417,81
5124,4
4750,4
1487,25
4227,3
137,116
5166,2
1603,16
1535,99
1331,49
3501,21
1515,95
354,91
625,206
1165,52
3002,1
449,91
4092,3
3377,5
4119,5
6139,1
5407,5
3417,4
4835,2
4379,6
4406,10
2750,80
2340,67
2205,33
2531,20
3875,11
41,211
3040,37
574,53
2301,69
3003,9
4850,16
3738,14
3566,17
3153,6
4245,5
995,98
4371,3
473,65
3554,10
3877,1
1041,19
737,91
4608,5
3275,4
4537,6
1884,15
2832,22
3763,5
889,6
2927,14
4321,10
2650,82
1776,28
615,147
754,48
1571,47
6014,1
50,1103
2555,53
3909,12
8101,2
3929,10
3896,1
465,122
3804,3
828,59
1391,45
1,2394
4073,4
540,140
2264,9
7034,1
2268,32
6624,1
769,39
2911,4
2880,5
3928,16
807,78
4182,3
3801,44
1393,15
140,491
3265,22
3591,17
384,68
3403,2
4809,7
1851,29
423,81
564,83
3519,17
259,73
306,88
2989,7
3808,10
3816,19
507,79
2328,29
1520,98
1480,60
626,102
3135,22
1179,22
5226,3
3946,15
884,32
6335,2
4419,6
4146,2
5024,9
2846,20
2306,19
496,22
5533,1
1759,32
2082,10
3768,10
3175,3
2914,16
4798,2
4525,1
2083,19
1929,27
2806,18
7124,2
1313,18
4470,1
3431,10
7601,1
2311,33
2028,34
2255,78
4115,11
4418,2
3753,1
2059,25
2805,19
778,79
3538,6
1944,28
3253,5
1675,37
1084,23
7025,1
4652,4
5539,1
4359,1
1642,28
941,30
4077,4
524,124
332,79
1983,12
3165,9
1952,17
3523,1
5527,3
5150,5
765,133
3677,7
1066,32
4860,1
782,43
2173,6
1819,32
6122,1
2945,26
33,468
4442,10
1477,22
1200,333
3239,29
2475,29
3686,3
6827,2
1255,93
3164,3
1171,38
739,60
2168,18
1010,61
671,38
3851,16
2744,41
4005,7
1685,22
2840,30
3658,9
8045,1
2419,25
2067,13
3464,9
2128,20
1155,207
813,26
5420,12
2384,9
1739,34
103,63
432,81
302,55
2966,13
3097,1
6101,1
3864,4
3038,17
4924,4
4057,3
2008,25
3257,3
2722,29
2891,8
3373,1
3210,13
3792,3
2344,19
3617,2
2811,16
317,74
974,27
1860,12
274,133
3573,3
1994,3
2661,25
2578,36
8331,1
4124,3
3985,6
5116,2
210,201
1357,23
1408,53
1287,25
285,105
2273,12
1483,36
194,62
1151,53
5325,2
6044,2
2206,34
4166,6
3783,6
898,15
1791,18
2338,27
2535,41
815,99
3061,13
7807,2
4746,2
5301,7
4632,2
2688,3
1512,25
1683,19
1233,29
3958,3
178,103
4705,8
3911,14
5604,1
181,153
4325,5
6835,1
4532,5
1263,68
967,23
2560,10
3642,4
3520,15
4360,5
4011,5
4297,2
877,31
1978,10
2541,10
1297,14
160,475
860,57
3211,7
4089,3
961,18
3620,41
4109,1
3184,1
1530,82
3476,19
1834,31
4950,6
205,77
2365,24
4511,2
4100,18
716,85
1789,7
1615,39
1193,2
3831,12
2704,13
1927,39
2000,142
3230,14
779,58
2085,9
3703,3
2851,18
3319,6
1053,27
2396,9
1634,32
6276,1
150,672
4276,4
4135,6
2414,16
1867,25
2333,59
5315,2
3351,13
5426,3
7434,1
504,31
435,139
3667,6
3706,3
2443,30
557,63
4337,4
4080,18
1707,20
1079,13
2735,42
1246,45
4552,2
4012,6
1669,32
136,171
3672,8
1918,35
3750,14
1153,18
5106,1
656,36
578,48
4547,7
3865,12
257,72
6445,1
3138,13
2220,23
5624,1
4259,5
2416,8
5339,1
5266,1
1319,44
530,229
1030,101
5845,6
1495,30
177,85
4400,17
3720,25
1427,48
2058,11
1626,44
825,134
717,104
3528,10
3281,6
1176,17
326,96
3051,21
6829,1
8125,1
2141,11
2309,13
3540,6
1015,88
1891,3
2671,15
400,413
57,161
3340,24
1564,13
665,99
5286,1
5033,1
846,52
27,256
2903,2
233,179
1573,10
407,86
1959,21
2304,6
1282,40
543,79
4834,1
1206,24
2529,10
938,36
1440,85
4485,3
4055,6
2131,50
2100,126
1803,12
4061,2
2110,30
3997,3
176,96
3232,16
460,176
18,235
4495,5
2400,90
3119,6
1741,32
1059,34
3618,15
5094,2
4282,4
195,110
3160,11
3644,3
48,183
4995,1
750,236
821,69
393,27
1270,77
2676,8
5818,2
95,181
455,309
3678,3
1760,90
859,43
2056,14
2326,16
403,49
513,58
1421,40
1676,19
2015,41
246,151
864,36
2680,27
1528,26
2009,28
2142,41
2589,1
2073,4
3622,7
686,42
7420,2
5114,4
1067,21
2080,25
3948,12
42,146
1608,28
4482,2
3244,9
2446,25
597,20
4086,4
1972,6
7724,2
8219,1
3123,6
2197,9
5176,1
2947,9
1840,53
2837,21
287,37
1684,20
229,128
3077,1
186,85
1182,23
1897,3
4738,1
2199,10
1447,67
3829,16
1069,16
5922,14
1062,18
3186,2
2401,77
861,72
583,49
2554,20
6331,1
1088,26
789,42
1453,49
1025,81
4298,5
3331,18
4186,4
3405,3
3092,8
4429,4
5010,1
4381,1
2726,28
4603,1
4862,1
3441,10
1034,44
3529,4
7301,2
2759,8
1050,218
2643,16
2267,18
819,60
2538,21
1046,31
4640,18
21,253
2252,8
35,328
2389,10
660,119
5,194
97,39
3811,6
7127,2
2938,9
2865,34
1003,10
1614,18
2961,39
2049,23
2844,27
1257,28
3056,2
217,132
3034,11
3438,12
3399,3
3886,1
548,66
4378,5
5334,2
1925,54
4345,5
3480,6
4226,7
3919,12
2584,13
2838,12
718,115
2037,18
3846,1
2517,20
1982,13
610,140
1595,41
1610,47
3722,4
191,77
932,26
919,55
1968,14
5231,1
4070,19
2041,28
3853,7
6670,1
3587,1
1217,32
2129,20
4016,16
4150,54
2907,7
4958,2
152,125
4233,13
1061,35
3202,2
3627,22
5867,1
3300,42
4018,8
185,418
3226,16
5528,1
5288,1
5434,2
315,263
3169,9
2695,26
2973,8
3716,10
3560,24
1673,24
3490,8
5244,1
3730,12
2651,31
2427,29
3551,16
981,34
3499,1
3872,11
2342,30
5829,1
65,301
2833,31
824,43
3314,7
1998,93
1444,35
1756,13
2415,50
2968,2
6246,1
93,50
947,39
4078,15
2163,27
2159,29
3033,10
550,434
4207,6
2614,21
3114,2
1491,11
1639,33
2601,111
4013,5
3418,17
1055,70
3147,5
3298,9
552,35
3712,12
1581,21
2919,46
172,127
1645,75
3152,1
3905,4
2573,6
1729,19
594,21
5923,5
4107,6
1699,34
436,109
1534,48
258,73
2221,27
1502,14
2843,15
4349,9
3492,3
4646,4
73,115
1687,16
2626,45
4098,2
3049,12
426,76
1650,112
3827,3
4019,4
2860,20
6424,2
1666,24
3936,15
4210,5
3016,24
3071,4
2632,16
3782,6
4620,8
810,72
888,224
1932,32
3190,4
1272,26
5431,3
976,19
521,60
4848,1
3282,13
2532,1
3600,38
4334,17
2852,22
1438,45
3707,1
3156,23
5082,2
2719,22
1268,35
6318,1
4788,1
642,65
3871,9
4010,6
5008,4
3320,29
7330,1
5017,3
3625,33
3564,6
3145,21
1636,15
2208,35
997,5
3942,9
1827,42
4129,8
1574,25
3180,23
4935,4
124,201
248,104
571,77
4148,5
230,231
1807,21
3179,3
1670,59
1039,27
2675,135
3847,23
300,605
893,13
2952,13
1498,8
649,48
5015,6
719,72
1752,11
1813,9
4046,8
3026,20
4520,6
1991,26
1468,17
2166,18
20,367
4157,2
2590,35
90,184
2410,21
1643,34
2965,14
3425,16
586,31
1301,123
3869,1
1163,38
2582,19
618,95
6152,2
3662,13
78,142
709,44
1783,17
3358,4
1024,41
2265,31
355,191
2452,11
3653,2
5680,3
3550,35
2856,26
3961,16
2214,23
2653,6
4125,2
6506,1
5880,3
2331,46
1261,47
420,192
5926,1
4268,5
1167,54
1848,20
86,116
2910,15
337,77
289,49
404,17
3035,38
3064,6
484,41
6841,2
4581,2
2222,90
760,217
2382,12
3579,9
1661,82
1325,105
2810,48
2429,39
3069,4
3222,14
4734,3
1342,53
3802,2
1697,7
162,114
82,96
1849,33
3740,13
2149,44
5005,1
2987,7
231,94
5642,6
1014,32
5519,1
4710,1
2762,11
1045,139
4288,2
3956,4
2565,31
771,74
2066,28
2770,61
5617,5
5579,1
3724,7
6273,1
5423,2
1023,43
2285,9
2468,20
4533,4
2830,32
1144,39
3975,11
3361,3
3702,1
4716,1
3908,2
1472,13
3268,6
225,425
899,60
4627,3
4167,2
4721,9
2662,17
2652,28
5416,1
6509,4
2432,3
2896,2
1239,53
2266,42
3521,9
2974,4
2125,62
2755,41
802,12
5838,1
1896,16
4499,1
3306,1
589,43
3325,47
1214,41
756,40
341,51
1371,41
6140,2
1198,26
3992,5
1593,11
3669,16
1215,66
110,184
4927,4
281,75
4133,8
1451,40
704,44
268,85
3664,7
2234,33
3649,12
2245,54
4466,2
1142,67
1540,65
3124,28
138,135
658,59
2240,103
7038,1
1668,38
2664,5
1303,24
2618,21
4145,6
4242,1
603,19
3502,1
7018,1
2935,21
1751,61
1220,72
1954,22
3045,39
1112,53
4737,4
331,104
1769,35
3348,12
4690,7
6901,3
2139,30
6536,2
1106,40
1558,23
4828,3
2720,32
921,25
2769,3
764,36
3284,13
1790,22
4101,13
1908,19
5097,1
3984,9
2490,13
1594,15
762,47
3029,8
414,97
6544,1
2368,22
2183,6
2552,22
3726,6
1941,42
3749,6
2792,9
2404,7
1324,52
999,174
2708,10
4066,2
151,298
2785,10
7923,1
3094,2
2325,46
4104,5
4502,2
1538,33
422,61
738,73
797,32
2270,38
1966,36
479,68
2978,5
3457,4
5108,4
2672,5
1441,87
3388,1
2341,40
2921,28
3432,12
6221,7
3258,12
8245,1
3267,14
1698,23
2732,21
2666,21
339,78
837,62
3410,18
736,62
1431,55
4065,1
6148,2
3902,8
4598,8
622,63
1501,170
2397,3
280,160
2439,24
1383,22
4471,2
1080,101
2065,40
3228,11
1476,7
2243,39
2743,11
273,65
2691,10
885,59
1852,23
1002,16
2289,9
2047,31
1485,64
4504,1
742,53
4621,7
2347,27
10,333
3276,1
606,41
3012,30
4455,2
677,39
4832,12
3310,8
1295,44
29,175
2855,30
2458,18
4335,6
1150,151
728,111
2119,31
1855,86
4599,2
1276,21
2042,33
1674,29
1499,31
1089,29
170,316
838,99
8300,1
1733,41
7070,8
3761,2
1379,41
3024,18
2493,2
2274,16
5336,2
4820,7
5030,2
2093,6
4601,4
2765,12
3920,4
2219,15
2136,46
4251,10
463,71
601,604
8325,5
4611,1
53,176
4573,1
5170,1
434,49
845,281
560,275
2353,26
4661,2
1083,27
5330,8
142,147
1640,75
1656,64
3530,12
746,79
213,32
3880,23
2360,53
6201,5
5112,1
3236,25
2972,6
780,129
4307,5
4209,4
4173,9
5233,2
5509,2
4339,10
4673,1
3572,9
3044,21
4265,1
1555,95
6321,1
2742,18
7630,7
2781,7
3174,6
517,74
6000,5
1627,52
3814,19
2798,13
1671,32
3650,16
3971,4
5934,2
527,91
3615,29
2747,29
2371,18
690,139
4617,2
3193,13
2842,8
4908,4
3739,2
5021,1
1883,28
1771,37
1240,99
2362,26
5924,7
2564,3
4708,1
3412,20
2835,42
464,32
330,187
3511,15
3370,11
4539,1
3452,10
3756,21
4410,6
1598,25
4748,1
1111,96
1258,41
7550,2
1108,39
4026,13
2951,13
6840,1
4700,1
4929,4
3028,13
4725,7
4315,9
2097,4
2563,25
1591,31
2035,51
3661,12
1001,169
168,112
829,53
391,31
1363,37
4247,2
442,76
6209,4
1392,17
2956,5
358,89
1612,41
4143,2
2655,67
3489,8
240,283
3430,17
3250,34
3447,4
3843,10
2545,22
4314,6
2192,6
3481,21
1271,52
3957,8
6534,4
3445,14
1632,53
1327,56
2820,35
200,526
806,77
1853,6
7230,1
5299,1
5140,6
1618,52
545,152
8400,3
2619,51
4338,11
4169,1
4775,2
1197,4
2504,12
2114,19
4773,1
1065,25
298,77
613,10
2585,37
2889,9
1993,3
2244,11
729,61
2894,2
2981,2
2321,10
5810,2
734,109
4225,8
2303,7
1367,48
209,98
3835,29
854,36
2074,12
6930,2
4024,15
1833,20
2686,19
4827,3
75,465
1694,4
4004,5
2178,40
1924,21
1232,30
2447,32
674,57
3470,7
2588,4
1291,22
3360,19
487,35
3765,4
2307,7
163,111
903,22
6150,2
2591,18
109,126
1121,44
2510,49
3860,4
5897,1
4244,14
2928,13
4756,2
4550,7
1425,93
1942,31
1227,60
7044,1
159,117
319,108
2827,16
1578,25
80,287
1070,55
336,68
4160,12
3155,19
693,19
1166,28
3086,2
1960,94
171,153
3178,4
1662,26
6255,1
4644,1
2143,14
1937,22
2716,15
38,159
2679,9
4273,1
3062,14
1364,22
2857,26
7201,1
2276,12
4901,1
3159,8
3675,25
4730,5
1154,17
1811,40
2213,10
3332,20
4831,3
681,70
3243,9
4612,5
986,22
4311,3
6900,1
3313,1
1893,3
1622,27
3533,3
2079,21
4219,2
7633,3
203,44
2435,37
8027,4
3854,4
251,139
749,31
2553,2
5640,1
59,142
2424,54
2644,7
4203,3
1146,37
2727,46
1187,18
2523,18
3023,9
242,101
710,104
4615,2
3545,12
266,108
396,23
3925,17
3350,44
2144,19
3582,3
2132,39
6046,2
4450,9
1406,36
4702,2
508,79
161,141
4006,3
5775,1
4474,1
4189,1
971,27
3283,3
5850,1
5628,1
166,168
933,60
905,37
1244,78
1700,187
2920,28
3014,31
2022,27
1486,10
135,415
1335,102
3767,5
4134,12
2292,1
4106,2
3717,4
4536,4
3032,36
1247,31
5725,1
3876,18
1305,27
1031,47
5038,1
352,55
5000,20
4015,10
1288,27
1664,14
489,56
6619,2
6700,1
3775,12
70,248
1801,129
1995,33
554,88
2316,9
1149,16
3693,3
2134,28
1394,7
371,128
2448,19
335,199
890,73
2103,13
5645,1
534,72
5901,1
983,15
1052,30
4201,11
362,48
4824,1
1350,118
4524,10
4365,7
5036,4
892,11
5050,29
6050,8
4285,4
1570,67
1095,47
2886,25
5424,1
4152,5
2556,2
1717,48
928,27
691,67
2606,15
3841,9
4258,17
724,111
2879,3
4363,2
3769,12
3356,8
2496,2
2160,28
16,221
2713,14
2465,40
5125,3
2795,11
1989,1
4871,1
475,258
1710,45
1975,28
2821,41
1881,43
3741,29
4048,4
1027,33
6316,2
1405,101
2986,17
4904,1
3128,8
3359,23
871,57
264,66
1693,14
1078,22
1418,44
4439,4
3116,4
3539,6
3015,16
1211,24
3141,13
3991,3
3199,2
4718,3
2323,46
408,48
1037,22
1679,24
1950,87
1629,39
3131,28
3390,6
346,87
1033,44
1320,80
2690,42
707,62
3315,32
4036,13
189,48
689,18
865,273
206,85
2029,19
2934,18
2760,26
2932,14
125,225
3532,7
2730,45
902,21
4754,1
2828,51
640,108
3797,5
2078,18
2687,16
2936,19
2657,2
3317,9
190,171
4096,16
6725,1
5556,2
1375,70
3680,7
1127,57
4002,1
3951,4
904,21
4194,7
399,86
3849,11
3748,4
4112,4
4340,9
3285,3
816,55
296,22
7026,5
5940,3
3713,1
471,104
2302,8
1703,8
6237,1
4123,5
2624,25
4184,5
2407,19
472,45
2495,29
2187,12
5264,1
1076,14
100,1143
3346,11
1139,43
45,476
2329,24
3342,14
1711,30
1930,74
1072,39
1204,13
3599,5
3714,10
2165,41
3429,5
4165,2
4711,6
5414,2
1861,20
6200,1
3173,7
2033,26
428,84
2586,29
3688,4
4735,1
3534,9
2491,9
1210,29
3964,1
1872,7
3343,7
3645,11
3695,9
1738,50
4416,9
3725,31
2099,24
4440,10
2156,12
4087,1
2863,18
2200,190
5091,1
2514,27
3362,6
3288,5
4116,1
4059,4
4769,1
2112,22
1432,40
2509,18
2979,8
3440,48
1605,14
1677,31
1780,22
3561,8
990,142
4806,3
2370,37
2478,19
216,78
2039,22
1315,38
4376,19
2581,11
3527,11
661,79
1087,14
4151,2
1838,27
2471,18
2913,1
3518,20
4803,1
425,530
2070,40
2729,30
2513,8
1411,84
5089,2
2334,31
2814,17
7730,1
3558,5
2398,14
1857,21
3235,34
849,41
1464,16
3261,4
3819,20
1019,84
680,267
2904,9
433,100
4139,4
4317,22
1910,41
3385,13
4595,4
3963,3
1577,8
2613,8
4399,5
2736,29
2470,27
2075,37
2120,50
3054,1
1587,24
2953,10
3080,20
1987,8
196,56
6333,8
2772,8
2681,3
3663,7
2841,20
1465,31
817,29
121,288
1279,25
3392,6
3755,10
4384,2
2045,35
1808,48
4308,23
3345,26
4626,5
444,174
1956,1
5343,5
3833,11
3606,9
4745,6
1293,8
297,33
4341,12
1957,13
3770,17
1651,44
787,44
713,14
2366,22
4905,1
338,100
697,10
896,23
3048,14
3888,6
2892,6
3848,10
2476,27
830,112
6838,2
5064,1
5411,20
4885,1
2185,22
944,52
2710,24
3419,8
1841,47
840,85
448,65
4441,4
1056,37
4222,3
4132,15
2571,9
2084,13
1524,37
1131,25
2238,49
5401,4
1207,32
3665,16
727,73
5721,1
5238,4
720,187
4333,4
4411,5
3295,7
634,88
923,44
599,35
3602,1
4625,9
4436,3
3240,22
3188,5
250,491
32,214
5147,1
4229,9
3110,21
1043,40
2413,8
3302,2
4977,1
4651,2
4082,9
2330,47
2076,13
1234,90
3434,23
1617,26
3134,22
1774,35
1644,19
664,36
3303,16
2908,4
4155,10
6340,2
4816,2
3728,7
3805,3
1413,22
2146,25
2944,25
2453,13
4274,2
3309,6
77,303
5196,1
2705,3
868,28
8200,2
445,176
3443,6
4706,4
1706,25
2445,48
2918,9
369,93
2906,6
5637,4
1510,80
1730,109
2693,8
2038,29
4352,17
2670,21
3115,7
7427,1
1100,281
3237,3
0,4
4375,1
2718,17
3132,15
587,63
4906,1
1602,8
2018,38
3194,1
3597,5
321,99
1630,71
3006,10
2350,62
1967,30
1976,12
4394,1
1340,88
3382,7
1945,98
3652,8
3387,1
144,145
2942,32
2887,11
1809,19
307,80
883,21
4847,4
3892,4
1412,34
5696,1
4454,1
3170,5
3960,1
4147,8
2930,23
582,55
52,184
687,20
466,53
4726,1
101,1153
1815,36
3424,14
2479,15
2924,10
927,38
462,83
3455,17
3637,16
3772,14
730,170
2217,11
4281,5
3574,14
47,191
875,249
2621,35
2473,12
4829,1
26,235
3555,56
2098,7
493,62
1721,28
580,250
5500,10
7002,1
887,30
2916,11
3976,21
105,106
2275,30
4426,13
260,310
4014,15
2786,9
5820,1
3436,18
3149,30
4545,6
621,81
4312,9
1005,39
5700,11
3376,10
2357,5
6465,1
2108,13
2516,24
3643,10
1482,18
2482,13
5173,2
5531,1
2595,22
2201,130
3176,8
6126,1
1278,43
1958,45
1795,16
1494,22
1536,14
1655,45
1310,77
61,156
4438,6
1103,9
1120,72
3227,11
2282,11
2640,19
952,49
2866,9
4172,1
1404,6
2881,16
2631,19
3978,4
3691,7
1782,23
2216,4
1646,33
2451,45
267,109
2418,40
155,321
519,104
1904,17
1104,15
4231,11
2253,36
1879,30
6100,3
3517,8
5644,10
2663,20
1008,20
5200,1
3718,12
1262,38
4444,7
2646,39
411,78
1398,27
99,96
5511,1
3659,26
8100,2
3694,1
4648,3
2034,34
3383,12
1145,91
4914,2
1715,64
2958,11
3453,2
3322,18
198,77
1720,32
3955,22
3731,16
6410,1
3825,7
4038,16
954,23
6849,2
3242,6
2421,29
1825,71
253,85
122,111
324,137
364,40
4254,2
1885,25
4900,12
239,100
3248,15
4350,3
180,493
3633,17
835,146
3943,2
4138,16
922,26
5848,1
1216,26
1192,23
1678,13
3832,11
964,40
1623,48
1117,29
3639,28
712,54
6104,2
1449,58
3940,11
5526,1
4053,4
4535,1
882,47
328,51
965,71
547,79
4331,13
1081,21
5250,1
6641,2
318,80
22,339
118,190
2181,12
286,44
3010,19
1188,51
1221,84
2775,37
1979,26
5298,1
1818,50
2696,19
3773,13
4669,1
627,97
4364,2
261,115
931,44
3037,19
2484,9
2689,8
3743,8
4650,3
607,61
4050,5
3339,7
1863,26
3112,11
1330,111
3129,8
3347,9
4462,1
1548,30
996,15
5300,2
1582,23
2233,18
5335,1
3171,8
562,83
4368,3
2411,25
913,15
2636,22
5567,3
1466,58
6210,1
3367,10
2472,19
1905,16
4045,4
5175,12
2295,58
608,37
3041,8
1452,25
1919,59
2599,6
3280,10
1354,30
343,167
1920,29
2922,9
2847,16
7100,1
1903,11
1507,46
104,97
3839,30
3781,9
857,39
25,456
3290,1
1652,18
345,517
676,37
2012,14
2189,2
805,31
4909,3
106,103
2349,36
1497,15
2534,18
7450,1
725,129
4815,4
2709,12
4099,3
63,111
2236,11
2698,45
1734,62
1921,20
1345,76
1434,57
2976,8
175,214
991,35
2308,15
699,37
2654,17
4638,4
3926,3
2525,50
3042,28
735,212
1500,167
7227,1
2498,4
1609,9
2314,16
1322,39
1869,9
1402,21
4000,22
669,57
1859,37
648,20
1988,13
1445,78
3935,13
4083,3
6720,5
359,67
66,237
1073,14
1882,8
1922,18
2901,85
1542,20
2006,38
3287,2
682,35
2113,5
3944,3
107,105
4709,4
3475,16
2310,67
4277,4
1563,69
3508,7
164,106
2574,25
1243,31
1898,4
994,17
1764,12
2218,20
4388,2
4534,16
2031,41
509,33
28,191
1871,33
3,309
4414,3
1250,168
4942,2
752,62
3471,10
2782,11
2533,34
4280,4
2839,18
3291,1
511,81
2933,4
3700,48
2486,21
3442,13
437,58
3249,25
1294,23
632,88
2466,24
3990,11
2604,3
695,61
126,184
4323,4
4327,6
4681,1
2232,20
1787,21
518,66
6025,3
563,81
2648,23
5446,4
3294,7
4529,5
2124,21
565,80
4616,12
3241,25
2430,73
788,41
2521,16
1934,18
2020,58
1503,25
3673,12
5801,5
827,46
1686,23
2694,9
2615,44
3323,9
4728,2
4028,19
6324,3
1638,25
1672,18
323,101
4821,1
293,21
1209,41
3036,15
3569,13
19,219
3890,2
3556,5
1352,16
4342,4
3536,18
1266,75
3709,3
526,104
2684,24
2877,13
2867,18
4195,4
2209,26
975,38
2297,4
2547,16
1525,65
3927,11
4343,8
3512,15
3563,5
3231,7
265,106
4260,2
1565,56
2816,17
659,43
1625,111
4117,2
2754,16
2864,10
3668,9
506,74
4191,1
1265,62
3415,19
2250,141
3524,36
1140,65
3856,9
1348,40
663,48
3245,21
2592,15
1797,5
1346,59
1992,3
2539,25
72,201
832,69
2576,9
5648,2
2170,71
2164,75
5011,7
1285,62
820,66
4300,14
2048,19
4741,1
2231,38
2788,4
4278,3
3207,8
5214,1
4043,4
4319,5
3324,22
1186,16
2251,27
3085,15
1732,35
4067,6
4094,3
3704,7
4271,7
2123,57
4136,11
3380,10
1143,23
2898,33
373,75
822,38
1259,46
1228,42
2869,20
6645,1
5032,1
980,51
2962,5
219,137
1040,99
4353,2
3311,15
1649,47
4142,6
2540,25
4351,5
907,39
1442,41
3262,1
528,62
3122,22
2483,3
630,118
67,120
2527,19
1660,65
3786,2
867,27
2007,32
111,385
5211,7
83,80
1522,37
2492,2
1463,47
763,46
2361,10
5504,1
2147,22
3158,16
1583,27
290,145
6647,2
2053,12
5706,1
4607,1
1387,16
5222,1
2004,11
1537,44
624,71
2658,8
43,177
5016,4
4800,12
2319,12
2485,16
4605,4
5441,1
4639,7
744,59
87,92
6423,8
4930,6
1471,30
1775,45
2784,5
2336,32
4722,3
4630,17
2996,3
924,47
2701,89
4732,4
2102,14
2902,3
2046,21
6940,1
969,97
2884,1
365,85
441,88
4753,2
1641,25
134,116
2766,13
4614,4
2462,25
6620,3
2620,88
2602,17
646,70
174,109
3840,9
1306,30
6600,3
957,58
4248,8
834,59
2824,20
3616,12
2284,8
4961,1
1566,35
1843,16
2440,42
1793,9
1238,53
2088,11
3603,3
569,44
2831,17
3013,2
1407,40
2738,9
6202,1
3299,6
3166,15
376,74
363,65
2641,16
2312,27
3719,6
1321,56
3733,11
525,320
3233,32
6042,2
4264,9
2249,18
3610,5
5425,1
2225,58
2051,43
1433,44
2239,29
2317,12
2138,41
2520,39
2923,3
1762,37
844,52
360,399
2025,42
3264,4
37,202
4744,2
2975,12
7132,2
2188,18
2422,28
2055,106
703,120
1767,32
4542,5
3206,1
532,86
3118,11
4968,3
1981,15
3959,10
5203,1
773,46
617,39
3472,4
2269,11
2519,29
808,49
1051,48
6301,5
2756,11
715,105
2717,29
2215,36
3598,15
197,45
2749,21
2211,80
4052,6
4657,1
535,270
1527,39
5549,1
1847,32
223,65
2305,38
993,13
4370,1
1132,37
3879,5
1113,6
3416,8
939,53
721,91
4448,11
1224,48
2682,20
1009,6
1309,34
4076,9
3333,29
4810,2
4390,2
1416,18
1519,32
3721,19
3915,11
4356,6
2359,4
1974,16
3423,9
3271,1
133,126
3613,9
1596,9
158,126
1284,27
55,734
5748,2
3421,19
1682,34
271,100
5118,6
2431,29
2383,12
5715,6
652,59
6542,1
4447,4
4701,3
920,119
836,30
1786,16
1177,99
3465,9
1068,23
909,45
1889,5
3140,31
4190,2
900,284
2544,12
1746,35
2395,26
3467,4
4108,1
1202,23
2069,13
538,79
2096,8
605,60
1839,49
1773,16
3162,10
1443,42
2711,15
3454,9
249,88
232,62
3614,5
1213,14
3654,2
3401,15
1274,17
1203,9
631,159
4154,2
1467,36
4468,2
1223,43
2537,6
4849,4
169,110
3623,8
3101,35
723,64
431,125
5646,3
1355,354
1377,13
2203,4
2339,52
3058,6
2503,17
3626,16
748,63
1873,3
4236,12
325,153
4420,5
4945,1
4877,4
4623,2
4513,1
6279,3
6439,2
3788,10
6438,1
3065,12
4409,4
4431,9
1718,36
3495,2
68,153
1875,55
1218,46
3121,6
470,123
14,142
1164,35
3371,2
56,227
1254,41
5739,2
1633,47
5657,4
2324,38
4373,1
992,24
5232,5
2013,4
4600,1
3146,15
2392,13
1430,64
1283,33
708,40
1382,28
2186,60
4063,2
4224,1
277,86
3426,18
4037,13
1020,97
3611,9
3498,4
1118,30
3474,9
963,14
1862,18
74,176
3562,9
397,18
1136,33
3483,9
3906,9
2296,7
1866,18
2179,36
3522,6
60,373
3887,1
4645,5
874,46
1423,39
1877,10
549,64
1743,45
1970,55
3631,17
3933,10
5921,1
2364,18
2087,16
651,94
3398,7
179,114
1386,23
3030,52
3050,21
984,30
291,61
4733,6
2549,11
1178,21
392,19
1648,12
2467,13
2739,25
1075,72
2260,13
2281,2
3977,8
2712,39
1532,35
4527,1
2226,47
3863,3
2441,22
2940,52
4156,10
2963,11
1785,27
3771,4
3336,27
491,55
812,42
4211,5
790,71
2764,30
1457,46
3894,3
7555,3
2954,7
5723,1
5111,1
5615,1
1489,217
4279,3
3133,10
2900,65
6909,1
3585,19
474,62
2068,26
4452,3
3516,28
299,78
2064,18
1174,15
2190,56
4404,11
2849,14
5128,7
4402,4
207,137
282,62
851,162
3823,6
1726,47
2507,11
3605,18
4579,2
1237,30
2872,15
2127,69
6136,2
1663,58
5265,2
3679,7
1252,20
2151,60
263,83
1160,132
453,69
2834,31
2787,5
1401,148
2605,9
1339,40
551,88
2346,28
3321,33
4238,4
1868,29
244,69
1318,55
953,73
4879,4
5512,2
4044,9
276,56
1631,44
1481,6
89,90
4587,1
5641,2
6134,3
383,48
4425,11
3246,5
4467,1
1579,17
1311,25
1517,23
421,87
1585,18
2699,16
1109,11
1122,26
2836,9
2984,7
2858,15
4287,4
333,661
184,69
412,78
2995,8
2776,11
872,25
2673,11
3630,14
6630,3
5322,4
193,41
2633,24
5570,3
88,261
1654,22
4844,1
17,178
3874,12
5338,1
740,119
1461,34
6146,1
2627,33
3873,5
4680,3
2191,12
4153,3
5337,1
5811,5
485,61
3137,3
3699,12
3923,10
5074,1
1469,12
5767,1
3305,10
495,84
1781,22
278,116
58,171
4306,15
361,75
30,405
3104,9
1307,15
5234,3
809,55
3692,3
879,43
3277,4
262,107
3924,7
4506,2
3774,10
4801,25
4407,4
501,312
2733,11
2829,40
1943,23
7020,1
1185,23
747,131
4633,10
5875,2
4854,1
430,215
3195,5
3274,3
2459,33
8029,1
4422,5
2845,46
3813,3
157,93
4103,3
4845,2
2394,9
6615,1
572,62
1822,13
1702,14
3191,13
3020,27
419,72
4221,13
1448,44
2358,18
814,90
7015,5
5521,1
619,82
3485,11
4230,7
2461,4
4433,4
245,234
3364,8
546,81
2970,37
3581,1
5789,2
2256,16
3395,6
973,55
1395,48
2660,25
1590,32
3215,37
2299,71
4543,5
269,76
1119,42
4330,24
381,73
3685,2
2600,50
1097,14
7436,2
5900,13
4,255
308,107
4594,2
1963,24
3428,6
515,163
2751,13
3514,2
5134,2
1514,37
1286,16
3142,2
2745,14
4740,29
3201,62
5311,1
4234,5
4567,2
4216,15
4205,15
4719,5
1368,24
1601,107
1092,6
3076,6
1551,47
1353,36
3011,16
3479,10
3182,4
3973,8
1886,30
4558,2
2237,45
4528,3
1222,47
2707,21
2617,23
2799,22
4027,9
4302,5
1235,118
4159,9
4610,5
4085,11
1523,42
4585,1
3747,8
2566,18
4925,2
7414,2
3238,7
5092,2
575,290
2092,10
5435,2
2457,19
1657,23
154,129
1126,72
254,109
2263,33
3855,23
4717,2
3660,51
4799,1
3439,21
2649,14
2870,32
1450,181
3580,30
2609,7
2753,4
4971,1
946,37
2969,3
1541,36
2456,21
1351,53
4634,6
372,68
2428,11
1777,19
795,148
2387,5
1135,66
2351,15
1054,21
4068,18
367,97
2579,16
6339,1
5235,5
469,57
3732,17
2343,23
2409,14
4243,1
6038,2
1017,36
503,34
6245,1
1653,13
3007,10
6252,2
2853,16
2771,7
6016,1
514,30
6730,1
6801,1
3435,38
2130,101
5716,1
6947,1
2499,12
1637,74
696,26
3458,3
2116,14
4140,6
2780,18
148,117
2487,4
2077,18
1300,97
3609,6
785,66
4544,3
129,145
784,41
2593,7
3697,2
2235,38
3074,5
2227,34
3189,2
1488,22
2917,3
1460,60
982,23
147,149
1804,8
4774,1
1560,69
3870,11
2182,20
3547,11
3799,1
3780,5
2388,2
2949,17
252,70
2454,27
1013,19
2145,44
5006,1
3537,16
1695,26
3676,13
1716,10
4401,4
3981,10
2204,12
2014,14
2288,51
4720,2
3945,14
1420,100
901,257
5044,2
3460,15
1572,14
1539,38
948,32
2121,122
1205,21
3628,10
774,37
2372,7
1148,43
4127,9
881,27
936,31
1800,193
304,32
945,144
3576,2
5228,1
4007,7
2859,19
5367,1
1973,22
143,163
1063,12
1946,41
2850,33
149,145
2010,47
3446,11
3420,43
1338,77
3701,50
4023,3
2374,18
3559,4
3922,22
3411,2
344,65
2637,32
1913,4
1032,31
600,623
753,36
2332,35
1180,31
962,17
1996,8
741,42
3776,6
3161,18
1085,39
4696,1
2685,9
2876,4
668,50
1681,28
3456,16
1225,67
4354,14
2258,31
415,249
876,33
2118,26
1006,15
5087,3
536,132
2677,44
228,89
4839,1
1343,37
4348,16
5323,5
2327,30
502,38
5225,1
3318,23
3629,9
6300,1
5138,3
221,323
3972,13
3859,5
4097,4
1439,55
2242,34
1949,12
3046,11
4757,2
1219,62
2999,13
2895,8
2768,10
2376,3
3402,2
1470,47
5273,5
1130,71
292,25
405,178
2888,22
5136,2
2937,21
3466,5
1036,38
1713,5
5939,2
1042,45
64,138
1231,88
1226,45
2050,29
2408,2
3800,14
1588,18
350,705
3760,19
4072,8
6112,1
5929,1
1750,168
3111,5
2001,119
4111,4
2241,50
4058,17
5945,3
3810,12
1157,30
4090,1
380,125
4206,1
670,83
2948,12
5654,1
4582,2
1980,45
2512,15
2793,2
5027,4
623,42
7433,4
1044,37
5285,7
4791,3
598,32
114,178
3965,15
130,310
294,39
2752,7
255,375
942,53
2656,17
2943,21
1794,6
3970,10
3219,19
529,48
1021,33
370,130
46,163
1704,12
102,71
3451,7
4760,2
3095,12
1308,41
349,76
386,61
6533,1
2634,6
2180,26
3681,14
1748,13
11,162
2109,20
4176,5
500,640
1159,32
4549,1
2543,31
1552,34
4629,3
2463,15
3544,6
6124,1
5263,2
1728,37
3397,1
908,32
539,70
800,165
5473,2
340,229
3263,7
3953,13
2126,32
2060,54
3586,1
4796,5
1194,3
256,107
6332,1
1705,23
1736,28
641,45
2731,21
1955,33
5080,1
188,231
510,130
131,175
1399,17
5160,7
1071,29
2737,38
2489,11
783,48
1007,27
855,133
2823,17
3986,1
4122,13
1802,19
2773,25
3374,6
4009,1
1436,39
3120,20
3368,8
3462,4
711,108
6521,4
123,239
2002,20
4966,3
628,73
2925,28
62,175
3789,4
3509,4
5483,1
3647,13
3567,8
4424,4
1562,42
1745,63
1550,250
2135,57
1880,78
1141,26
1856,32
5324,9
3312,20
1195,6
5098,6
1772,15
2287,17
3200,20
3698,4
1936,8
4530,2
1876,4
3931,11
1580,87
212,147
644,102
1280,58
3096,1
5575,2
3126,15
647,53
3531,13
847,50
4187,3
3526,25
119,142
2551,32
1914,34
4322,9
1426,62
959,43
1516,39
3143,13
542,113
1316,25
2054,10
4932,3
499,154
4808,2
4949,1
3125,17
5249,6
1269,27
3148,4
611,130
5750,1
5635,2
3836,6
2005,14
3256,19
353,116
3820,22
544,99
2587,17
5840,1
4475,5
3214,15
1561,21
4372,4
4040,6
2957,18
24,178
3221,18
2246,29
6215,2
1248,32
327,105
2481,12
751,59
1823,35
2790,19
4183,1
943,40
13,15
3448,16
3634,7
1846,14
153,181
388,101
2594,13
3107,5
2761,29
3444,5
3954,3
468,53
989,60
6115,4
2570,28
204,64
5816,1
4522,7
4301,12
3715,12
5151,2
1038,28
918,33
3130,28
4840,3
1341,28
3363,7
3565,21
3937,2
4526,3
1647,54
2335,61
1298,43
4175,5
40,302
1533,39
3549,14
1696,14
5267,2
1953,10
1725,93
4200,18
1665,42
4118,3
2262,25
4489,8
237,97
5731,2
377,51
4397,6
1026,34
457,61
3542,10
2706,7
7615,1
1304,20
3535,42
568,61
9,128
8,281
416,54
2437,15
951,34
1928,26
3505,4
1241,63
4022,23
3758,6
3979,12
4071,2
1754,39
92,37
1826,21
2559,33
4408,13
803,16
5735,3
7008,2
679,82
2882,4
3394,3
650,478
3075,7
2546,31
410,126
4575,8
2086,7
3337,14
3790,10
512,57
3005,4
3059,8
2052,9
2280,49
4049,9
799,118
1547,41
4084,3
5501,2
1926,40
4939,2
2890,12
1183,25
2356,18
1329,50
522,81
533,82
2071,32
1692,19
316,86
3185,2
3167,9
1680,34
2298,39
639,69
2044,20
4505,1
1277,18
5947,3
3021,13
7,132
4445,1
2105,31
3255,18
5072,1
3917,7
3252,10
4479,2
1830,84
3251,360
4636,1
3151,20
3063,21
2871,9
2941,13
1948,29
3682,8
1446,66
755,134
4523,3
5455,4
4541,2
2247,19
2224,44
1806,17
5530,3
1727,62
218,162
5351,1
1712,32
4715,5
2779,9
8320,1
1737,44
878,40
1768,7
3154,12
2526,34
3463,6
1635,81
3736,4
637,49
394,39
3815,9
2757,21
1792,5
3088,8
1817,31
1229,48
1690,53
2403,5
303,234
2337,18
356,62
1134,30
7333,1
2967,6
7625,1
5376,1
4731,7
1409,55
3004,14
2580,17
401,262
1964,24
5133,5
1110,89
2354,14
2223,37
4316,20
382,23
6415,1
4618,7
7221,3
2283,14
1740,77
3409,10
2355,43
4430,7
1906,43
4237,2
5068,1
2812,17
5450,4
2352,7
3369,7
1396,2
4241,7
1096,26
182,74
2385,15
44,474
612,37
5930,2
15,314
3822,12
1173,9
3381,1
7623,2
781,59
2277,17
1735,88
3433,14
1161,108
2377,12
3450,71
2040,81
480,143
1424,61
869,44
1422,43
4514,1
406,54
6143,1
523,62
7004,1
777,68
870,49
3039,2
3017,10
1403,22
387,55
1022,46
3326,31
3949,2
2017,10
3710,9
1779,20
236,135
1116,16
4583,3
1124,31
5157,2
494,50
5020,10
1381,19
556,72
1977,16
2728,41
4275,1
1799,17
4041,9
4220,18
7033,1
1245,87
4817,2
3525,14
915,67
49,319
4736,8
4033,10
3883,8
2596,6
4235,10
581,33
1933,33
4427,3
4490,5
3099,6
1688,37
702,23
2090,59
272,79
5415,2
4324,8
6690,2
398,66
1249,28
4240,5
3982,1
4472,2
4596,7
3632,21
1722,46
5918,1
5240,2
2228,15
4564,2
1344,34
1332,39
8228,1
5601,3
1508,34
5290,4
1456,34
4217,1
2501,61
770,113
2931,12
2094,9
1356,45
4262,3
4291,1
1895,31
2608,7
1526,55
4270,3
3296,9
1058,16
1753,37
5031,1
2740,26
1125,115
357,57
2548,29
2803,4
2175,55
3624,16
4093,1
776,47
1820,31
5255,3
3068,7
4171,9
1093,4
4047,3
5201,1
301,592
3952,4
4540,12
4923,1
3818,3
4120,24
3091,1
224,107
3711,5
1074,29
4128,12
3548,12
5048,3
2477,11
305,88
1888,19
937,70
2036,17
3962,6
2072,24
5618,1
1723,41
3127,15
1101,142
1505,3
283,66
3939,16
675,57
567,77
972,43
826,53
4003,2
6738,1
3484,1
4369,4
4983,2
447,123
2518,34
516,57
4039,10
2868,9
5636,6
2259,26
3506,17
4819,1
7001,4
222,389
1763,39
1302,21
3372,1
3220,20
1731,59
3646,5
1459,28
1429,51
3834,8
1999,10
1755,95
3449,3
120,422
4367,4
1923,12
2172,19
482,43
2899,12
4947,1
772,46
2990,28
1938,34
1742,29
1568,28
3640,8
4553,2
3727,6
4770,6
758,77
3621,20
3478,2
3577,1
12,183
4662,13
247,82
3543,8
3867,21
1012,16
1115,51
112,138
4465,1
2294,5
1419,45
1090,45
655,278
1858,22
1798,14
3998,5
1000,265
3052,29
4017,2
6190,2
5034,2
4415,1
4174,2
1831,36
375,104
1828,22
227,140
366,75
1511,59
2678,10
4990,1
2822,13
2348,24
2985,20
2883,14
653,61
2861,21
4417,7
1894,9
1378,28
4054,2
2111,51
1478,32
7533,2
4943,1
368,63
6847,2
2598,46
839,92
4763,2
4179,4
880,71
458,55
1912,29
3546,2
666,79
1842,27
1128,21
214,98
1599,22
3690,10
2043,15
684,33
1004,12
635,118
459,98
3751,2
3742,9
5319,5
3552,2
3136,4
866,40
3941,5
3289,1
2558,40
2915,11
1553,24
595,316
4631,11
1659,15
4032,8
4783,1
5666,5
4492,4
3494,12
8222,7
4811,13
2450,56
202,39
1376,18
3989,2
4836,1
3078,2
1107,14
275,368
4435,1
3025,47
3266,16
4508,7
4141,27
1837,40
2777,1
1821,43
2875,24
1077,39
553,52
3229,3
3723,7
4437,1
4105,1
3090,14
2024,31
2367,36
2391,2
1864,24
1359,61
3857,11
3089,4
577,44
409,94
4030,10
1152,25
5172,10
4074,1
2174,56
5428,1
4223,1
2878,22
1484,10
2434,42
127,117
2167,14
1454,41
234,126
3105,2
566,117
5870,1
1437,46
2169,42
7710,3
2980,20
3334,22
2061,11
2960,32
3375,9
3759,14
1962,22
786,32
201,1026
3330,33
2290,44
2229,34
3655,11
5630,9
3895,1
1060,50
3938,9
978,15
1575,38
662,47
757,48
4320,10
596,25
891,37
1899,21
461,160
841,43
1035,118
6227,1
6815,3
1917,22
2763,21
1812,50
4309,3
7935,6
775,74
1181,22
492,23
4602,1
2196,6
3708,2
3696,3
2500,124
3187,8
2625,24
5327,2
2030,76
1714,37
1474,33
2137,13
4114,6
1147,16
2524,27
2455,59
2665,24
1169,39
3930,17
452,58
3571,12
4020,24
5600,2
1844,41
1546,51
69,146
3172,6
1766,27
3999,4
1105,18
1969,28
1380,74
4689,1
588,44
2826,19
4069,17
3379,4
1765,16
3932,16
467,47
2748,12
334,98
1414,44
3365,21
731,114
3027,26
3468,3
2550,108
446,68
4025,8
351,108
3168,7
1984,12
2862,8
2271,19
6314,1
4102,5
3344,7
2474,23
4501,9
895,49
1890,64
2577,13
5149,4
4712,5
6208,1
2003,8
1410,91
2381,11
5809,1
988,104
4752,4
3910,8
1168,24
2133,31
7509,1
1620,35
314,76
2011,36
1658,33
811,65
3557,5
3084,2
3983,5
5317,1
700,214
926,39
591,51
733,56
2426,44
3916,6
1057,15
454,68
4131,34
2057,18
1184,14
6,113
443,84
609,68
2630,42
3102,2
2405,29
1011,49
2522,22
145,252
39,234
238,114
2912,15
5800,6
3270,15
1854,19
5110,2
1290,72
1506,36
4212,6
342,121
5941,2
4267,5
